1	0 
2	2 5 19 
3	1 19 
4	2 6 7 
5	2 20 19 
6	3 1 2 19 
7	1 6 
8	1 2 
9	3 2 6 19 
10	1 13 
11	1 12 
12	2 2 12 
13	1 6 
14	4 2 6 12 19 
15	4 2 6 7 14 
16	4 2 6 14 19 
17	1 7 
18	2 7 6 
19	2 2 19 
20	2 2 6 
21	3 1 2 19 
22	1 12 
23	3 2 13 19 
24	0 
25	1 6 
26	0 
27	3 12 7 6 
28	3 1 2 19 
29	2 2 19 
30	1 12 
31	2 12 6 
32	1 2 
33	3 6 7 8 
34	1 6 
35	2 6 8 
36	1 18 
37	2 7 6 
38	2 2 6 
39	0 
40	1 6 
41	1 2 
42	1 8 
43	1 8 
44	1 12 
45	2 12 7 
46	2 12 7 
47	2 2 19 
48	2 6 12 
49	3 2 6 19 
50	1 12 
51	1 1 
52	0 
53	2 16 6 
54	3 2 6 12 
55	1 7 
56	1 2 
57	0 
58	1 2 
59	1 18 
60	2 6 8 
61	4 2 13 19 20 
62	2 12 7 
63	0 
64	4 2 6 8 19 
65	4 2 5 14 19 
66	1 5 
67	0 
68	3 7 6 13 
69	2 2 14 
70	1 2 
71	0 
72	2 2 19 
73	3 8 6 2 
74	1 12 
75	0 
76	2 5 3 
77	4 2 6 7 13 
78	0 
79	0 
80	1 19 
81	2 2 8 
82	3 2 13 19 
83	2 5 6 
84	3 2 18 19 
85	2 7 6 
86	1 2 
87	0 
88	4 2 5 6 19 
89	2 19 10 
90	3 2 6 8 
91	2 12 7 
92	3 2 5 6 
93	4 2 6 8 12 
94	1 12 
95	1 2 
96	0 
97	0 
98	2 2 19 
99	2 2 19 
100	2 2 19 
101	3 1 2 19 
102	1 7 
103	1 19 
104	1 8 
105	1 12 
106	0 
107	3 2 6 12 
108	1 2 
109	1 8 
110	1 15 
111	0 
112	2 16 5 
113	0 
114	3 2 6 8 
115	0 
116	2 2 19 
117	1 8 
118	1 7 
119	4 2 13 21 12 
120	0 
121	3 6 8 16 
122	3 2 13 19 
123	3 2 14 19 
124	2 6 12 
125	1 12 
126	3 1 2 19 
127	2 18 19 
128	1 13 
129	1 19 
130	2 10 19 
131	4 2 6 8 12 
132	1 20 
133	2 2 19 
134	1 7 
135	4 2 6 19 20 
136	1 2 
137	2 2 6 
138	1 1 
139	1 2 
140	0 
141	1 2 
142	1 2 
143	2 19 2 
144	4 2 5 6 13 
145	2 6 8 
146	0 
147	1 6 
148	2 2 6 
149	1 2 
150	1 6 
151	0 
152	0 
153	4 2 6 8 19 
154	2 8 6 
155	2 2 19 
156	3 6 16 8 
157	0 
158	1 12 
159	4 2 13 14 19 
160	0 
161	0 
162	0 
163	3 12 7 2 
164	0 
165	1 19 
166	2 2 19 
167	3 2 6 8 
168	1 7 
169	2 2 13 
170	2 2 19 
171	1 2 
172	2 2 5 
173	4 2 12 13 19 
174	2 2 12 
175	3 2 13 19 
176	3 1 2 19 
177	2 5 12 
178	2 2 16 
179	1 6 
180	2 2 5 
181	3 2 13 19 
182	1 8 
183	1 5 
184	1 2 
185	1 2 
186	3 2 13 19 
187	3 2 12 19 
188	0 
189	2 19 13 
190	4 2 6 8 12 
191	1 2 
192	0 
193	1 6 
194	0 
195	4 1 2 3 19 
196	1 7 
197	1 2 
198	1 19 
199	3 2 6 8 
200	2 2 6 
201	2 2 19 
202	2 2 13 
203	1 12 
204	2 2 19 
205	3 2 6 8 
206	1 16 
207	4 2 8 12 13 
208	3 18 19 10 
209	0 
210	1 8 
211	2 6 19 
212	2 6 8 
213	2 2 14 
214	2 2 13 
215	3 19 2 1 
216	2 7 6 
217	1 8 
218	3 6 13 18 
219	0 
220	1 6 
221	1 8 
222	2 2 19 
223	3 2 6 8 
224	3 16 12 6 
225	1 2 
226	1 7 
227	2 4 10 
228	1 5 
229	1 12 
230	1 12 
231	1 12 
232	1 2 
233	1 12 
234	2 2 19 
235	2 2 19 
236	3 2 19 20 
237	3 2 13 19 
238	2 2 18 
239	2 2 12 
240	4 2 6 12 13 
241	0 
242	1 12 
243	4 2 5 6 19 
244	1 2 
245	4 2 6 12 19 
246	0 
247	1 7 
248	0 
249	2 2 13 
250	4 2 6 12 13 
251	2 2 19 
252	2 2 14 
253	2 2 19 
254	1 2 
255	2 2 18 
256	2 8 6 
257	1 14 
258	2 2 6 
259	3 2 13 19 
260	2 7 6 
261	2 5 6 
262	0 
263	0 
264	0 
265	3 2 6 19 
266	3 2 6 19 
267	2 18 5 
268	1 8 
269	3 2 6 19 
270	4 2 6 8 19 
271	1 8 
272	3 2 13 19 
273	3 2 5 18 
274	1 1 
275	2 2 19 
276	1 2 
277	3 2 6 19 
278	1 10 
279	1 12 
280	2 12 7 
281	4 2 6 8 12 
282	0 
283	1 2 
284	1 7 
285	2 2 19 
286	1 12 
287	2 2 19 
288	3 1 2 19 
289	0 
290	1 2 
291	1 2 
292	0 
293	2 12 8 
294	1 5 
295	0 
296	0 
297	2 12 6 
298	3 2 6 13 
299	4 1 2 6 19 
300	0 
301	1 1 
302	3 18 2 19 
303	1 2 
304	4 12 7 2 6 
305	3 1 2 19 
306	2 2 19 
307	0 
308	1 2 
309	4 2 6 7 19 
310	1 13 
311	0 
312	4 2 6 13 19 
313	1 7 
314	2 2 6 
315	3 1 2 19 
316	0 
317	3 2 6 19 
318	1 12 
319	3 2 19 20 
320	0 
321	3 2 6 8 
322	2 2 19 
323	0 
324	1 12 
325	2 2 19 
326	2 5 16 
327	1 6 
328	0 
329	2 2 19 
330	4 2 6 12 19 
331	4 2 12 18 19 
332	1 6 
333	2 2 19 
334	2 2 5 
335	2 2 6 
336	2 1 19 
337	0 
338	4 2 5 6 19 
339	1 18 
340	2 2 19 
341	2 7 19 
342	1 2 
343	1 2 
344	1 5 
345	2 2 19 
346	2 2 6 
347	1 2 
348	3 5 18 19 
349	2 2 6 
350	2 2 5 
351	2 6 7 
352	0 
353	1 19 
354	1 2 
355	0 
356	1 14 
357	2 2 12 
358	1 7 
359	1 12 
360	1 20 
361	2 15 6 
362	1 19 
363	0 
364	2 2 13 
365	2 20 21 
366	2 2 22 
367	0 
368	2 5 16 
369	2 7 12 
370	2 2 6 
371	1 7 
372	4 2 13 20 22 
373	2 2 13 
374	1 2 
375	1 2 
376	0 
377	2 2 6 
378	2 5 6 
379	1 1 
380	2 2 6 
381	2 2 19 
382	1 19 
383	0 
384	3 1 2 19 
385	4 2 13 14 19 
386	2 2 13 
387	3 1 2 19 
388	1 7 
389	2 2 19 
390	2 2 19 
391	3 6 17 5 
392	0 
393	2 19 2 
394	3 2 12 14 
395	0 
396	1 1 
397	0 
398	3 5 6 16 
399	1 20 
400	2 2 19 
401	1 5 
402	2 8 6 
403	2 2 19 
404	1 8 
405	4 2 12 13 19 
406	3 12 7 6 
407	0 
408	2 5 19 
409	1 9 
410	2 2 19 
411	2 6 5 
412	1 12 
413	1 12 
414	4 2 6 7 12 
415	1 2 
416	0 
417	3 2 5 6 
418	2 2 19 
419	2 2 6 
420	3 7 12 9 
421	2 13 19 
422	1 7 
423	2 6 5 
424	0 
425	4 1 2 18 19 
426	3 2 10 19 
427	1 2 
428	1 12 
429	1 8 
430	4 5 6 16 3 
431	2 7 12 
432	4 2 6 16 19 
433	0 
434	1 19 
435	1 6 
436	1 8 
437	0 
438	4 2 6 7 13 
439	1 7 
440	1 8 
441	1 5 
442	2 7 6 
443	4 2 6 10 19 
444	0 
445	4 7 6 2 12 
446	1 7 
447	2 2 19 
448	1 14 
449	2 2 19 
450	1 4 
451	4 2 6 12 13 
452	2 2 19 
453	1 19 
454	2 2 19 
455	3 2 6 19 
456	1 14 
457	1 5 
458	2 2 19 
459	2 2 8 
460	0 
461	0 
462	1 5 
463	2 2 19 
464	0 
465	1 16 
466	1 12 
467	2 2 14 
468	3 2 5 19 
469	4 2 6 8 12 
470	2 2 19 
471	2 8 14 
472	2 2 19 
473	1 3 
474	3 1 2 19 
475	0 
476	1 20 
477	0 
478	2 12 11 
479	2 7 13 
480	0 
481	2 2 12 
482	2 14 2 
483	4 2 6 7 13 
484	1 5 
485	0 
486	4 2 6 12 19 
487	3 2 6 13 
488	1 2 
489	3 7 6 12 
490	1 5 
491	2 11 7 
492	0 
493	4 12 6 7 2 
494	3 2 10 19 
495	0 
496	4 2 5 6 19 
497	3 2 12 19 
498	2 2 19 
499	2 1 19 
500	2 2 19 
501	2 11 8 
502	2 2 19 
503	4 2 6 8 13 
504	1 6 
505	4 6 7 2 8 
506	4 2 10 18 19 
507	0 
508	1 8 
509	3 2 6 19 
510	1 19 
511	0 
512	0 
513	1 20 
514	1 6 
515	4 2 6 7 19 
516	1 7 
517	1 8 
518	2 2 6 
519	2 5 18 
520	0 
521	1 6 
522	0 
523	2 2 6 
524	1 12 
525	1 2 
526	2 2 6 
527	2 2 6 
528	1 21 
529	4 2 6 8 19 
530	1 2 
531	2 2 19 
532	3 2 8 12 
533	3 2 6 19 
534	2 2 19 
535	2 2 19 
536	1 2 
537	1 22 
538	0 
539	1 6 
540	0 
541	4 12 2 6 5 
542	0 
543	1 6 
544	2 2 19 
545	2 5 6 
546	0 
547	2 2 19 
548	1 7 
549	1 6 
550	3 1 2 19 
551	0 
552	2 2 19 
553	1 6 
554	1 14 
555	2 2 12 
556	2 2 19 
557	1 2 
558	0 
559	3 5 2 6 
560	1 19 
561	2 2 22 
562	1 5 
563	2 2 12 
564	1 2 
565	0 
566	1 9 
567	1 12 
568	3 6 8 2 
569	0 
570	1 7 
571	2 2 8 
572	1 12 
573	2 13 21 
574	2 7 6 
575	3 2 6 7 
576	1 2 
577	2 13 21 
578	1 1 
579	1 19 
580	3 2 6 13 
581	3 2 6 12 
582	1 2 
583	2 7 12 
584	1 8 
585	2 8 6 
586	1 2 
587	3 2 13 19 
588	0 
589	4 2 10 13 19 
590	1 10 
591	0 
592	2 2 13 
593	3 2 5 12 
594	1 13 
595	2 2 5 
596	2 13 19 
597	0 
598	2 2 19 
599	4 2 6 8 12 
600	1 19 
601	0 
602	0 
603	4 2 6 12 19 
604	0 
605	3 2 19 20 
606	1 5 
607	4 19 20 2 13 
608	3 7 12 6 
609	2 2 19 
610	3 2 6 7 
611	4 2 5 6 13 
612	3 6 7 2 
613	2 2 6 
614	4 1 2 6 19 
615	1 12 
616	2 2 19 
617	1 20 
618	1 5 
619	1 2 
620	1 12 
621	2 7 6 
622	0 
623	1 15 
624	1 2 
625	1 2 
626	1 2 
627	4 2 12 13 19 
628	1 7 
629	2 12 7 
630	3 12 7 6 
631	0 
632	3 2 18 19 
633	3 2 19 22 
634	3 6 7 12 
635	0 
636	1 20 
637	3 20 19 21 
638	1 12 
639	1 2 
640	0 
641	3 2 8 14 
642	3 8 6 2 
643	3 6 7 8 
644	2 19 20 
645	1 2 
646	3 2 6 12 
647	3 2 6 8 
648	0 
649	2 6 12 
650	3 2 13 19 
651	3 2 13 19 
652	3 1 2 19 
653	2 2 19 
654	2 2 19 
655	2 2 22 
656	3 1 2 19 
657	2 2 10 
658	3 2 12 13 
659	1 2 
660	0 
661	3 1 2 19 
662	1 19 
663	1 7 
664	0 
665	1 2 
666	1 14 
667	0 
668	4 19 20 2 21 
669	0 
670	2 10 13 
671	0 
672	2 2 6 
673	1 19 
674	1 19 
675	3 2 6 12 
676	2 2 19 
677	4 2 5 13 19 
678	2 19 13 
679	2 2 6 
680	1 6 
681	4 7 12 6 13 
682	3 1 2 19 
683	1 2 
684	3 19 20 1 
685	3 1 2 19 
686	2 7 6 
687	1 2 
688	1 13 
689	2 2 12 
690	1 1 
691	2 2 19 
692	0 
693	1 19 
694	4 2 5 6 12 
695	2 1 19 
696	1 5 
697	4 7 6 8 9 
698	4 2 5 6 19 
699	1 1 
700	1 13 
701	3 2 5 19 
702	3 2 19 21 
703	2 2 19 
704	2 2 22 
705	4 2 12 18 19 
706	2 2 19 
707	1 19 
708	1 12 
709	2 2 19 
710	1 19 
711	2 4 19 
712	3 2 6 12 
713	1 14 
714	1 2 
715	4 5 6 16 18 
716	0 
717	1 6 
718	0 
719	3 2 6 19 
720	1 1 
721	4 2 12 13 14 
722	1 5 
723	2 16 13 
724	2 8 6 
725	0 
726	2 6 2 
727	2 2 19 
728	0 
729	2 2 19 
730	0 
731	1 16 
732	0 
733	1 19 
734	0 
735	2 2 19 
736	4 1 2 5 19 
737	4 2 5 18 19 
738	0 
739	1 2 
740	1 14 
741	3 7 12 6 
742	1 7 
743	1 2 
744	1 3 
745	2 2 6 
746	0 
747	3 2 12 13 
748	1 12 
749	2 2 12 
750	3 1 2 19 
751	1 7 
752	1 10 
753	1 6 
754	1 12 
755	4 2 13 19 21 
756	2 2 8 
757	3 1 2 19 
758	0 
759	1 2 
760	1 13 
761	3 2 6 19 
762	4 2 6 12 19 
763	2 2 19 
764	1 2 
765	0 
766	0 
767	2 18 5 
768	2 2 13 
769	3 2 6 12 
770	2 2 19 
771	3 2 6 8 
772	2 7 6 
773	0 
774	2 7 6 
775	2 2 19 
776	1 2 
777	1 2 
778	0 
779	2 2 6 
780	3 13 7 6 
781	2 2 6 
782	2 2 19 
783	4 12 7 6 2 
784	4 2 6 8 19 
785	1 2 
786	2 2 5 
787	4 2 6 10 12 
788	3 7 6 8 
789	3 2 6 19 
790	1 14 
791	1 7 
792	2 2 19 
793	1 7 
794	1 7 
795	2 5 16 
796	1 2 
797	4 1 2 8 19 
798	0 
799	1 2 
800	3 7 9 6 
801	1 1 
802	4 2 12 13 19 
803	3 2 6 19 
804	1 2 
805	3 1 2 19 
806	3 2 5 19 
807	3 17 16 6 
808	0 
809	0 
810	0 
811	2 2 19 
812	1 2 
813	4 2 6 7 12 
814	2 2 19 
815	2 19 2 
816	2 5 3 
817	1 6 
818	1 1 
819	1 7 
820	2 11 16 
821	3 5 6 18 
822	3 5 6 16 
823	3 7 6 8 
824	4 2 9 16 19 
825	0 
826	1 8 
827	2 5 6 
828	3 2 18 19 
829	4 2 6 8 13 
830	1 13 
831	1 19 
832	0 
833	3 2 10 19 
834	1 12 
835	3 1 2 19 
836	2 5 6 
837	3 1 2 19 
838	2 2 19 
839	1 2 
840	1 7 
841	1 12 
842	2 5 6 
843	2 7 6 
844	4 2 8 12 13 
845	0 
846	1 19 
847	3 2 6 8 
848	1 8 
849	0 
850	3 2 6 12 
851	1 20 
852	2 12 7 
853	3 12 7 2 
854	3 9 6 8 
855	1 2 
856	2 7 6 
857	0 
858	1 6 
859	1 2 
860	1 5 
861	4 2 6 8 12 
862	2 2 19 
863	4 6 5 16 2 
864	1 5 
865	1 8 
866	2 2 19 
867	3 1 2 19 
868	0 
869	1 2 
870	1 2 
871	4 2 8 12 14 
872	1 5 
873	2 5 6 
874	2 5 6 
875	3 2 5 19 
876	2 7 6 
877	1 12 
878	1 2 
879	2 20 19 
880	0 
881	2 20 19 
882	0 
883	2 2 13 
884	4 1 2 12 19 
885	3 1 2 19 
886	3 2 6 19 
887	2 2 19 
888	1 2 
889	2 6 8 
890	1 8 
891	3 7 6 2 
892	4 2 6 7 8 
893	1 19 
894	3 2 8 14 
895	1 5 
896	1 2 
897	2 2 19 
898	2 2 12 
899	3 2 10 12 
900	1 2 
901	0 
902	2 5 6 
903	1 12 
904	1 1 
905	0 
906	1 12 
907	4 1 2 19 21 
908	1 12 
909	3 2 18 19 
910	2 5 6 
911	1 6 
912	1 7 
913	1 2 
914	1 19 
915	2 2 19 
916	1 2 
917	1 5 
918	2 21 20 
919	4 2 6 12 19 
920	2 3 19 
921	1 2 
922	2 16 15 
923	2 2 19 
924	4 7 6 8 11 
925	2 2 19 
926	2 7 10 
927	2 2 16 
928	1 6 
929	3 2 5 6 
930	3 2 6 8 
931	3 2 13 14 
932	1 6 
933	1 1 
934	1 14 
935	1 5 
936	2 2 5 
937	0 
938	4 2 5 6 19 
939	1 2 
940	2 2 19 
941	1 8 
942	2 2 6 
943	2 7 2 
944	4 2 13 19 22 
945	3 7 6 12 
946	0 
947	1 2 
948	4 2 6 8 19 
949	0 
950	1 12 
951	3 6 7 12 
952	1 18 
953	3 2 5 19 
954	4 12 7 2 6 
955	2 2 19 
956	2 1 19 
957	1 19 
958	1 18 
959	2 5 6 
960	1 7 
961	0 
962	3 2 19 20 
963	2 19 18 
964	0 
965	1 2 
966	0 
967	2 2 3 
968	0 
969	2 2 6 
970	2 2 19 
971	2 2 13 
972	4 8 6 16 17 
973	2 2 6 
974	3 12 7 8 
975	3 2 6 19 
976	1 8 
977	2 2 13 
978	0 
979	1 2 
980	2 5 6 
981	1 18 
982	1 7 
983	0 
984	1 12 
985	1 2 
986	1 5 
987	4 2 6 8 19 
988	2 20 19 
989	0 
990	2 2 19 
991	1 12 
992	2 14 8 
993	3 6 12 8 
994	0 
995	2 5 6 
996	1 2 
997	3 2 6 19 
998	2 2 19 
999	3 1 2 19 
1000	4 2 6 12 19 
1001	4 2 6 8 19 
1002	2 2 13 
1003	2 22 21 
1004	0 
1005	1 2 
1006	1 6 
1007	1 2 
1008	2 2 19 
1009	2 2 19 
1010	3 2 8 12 
1011	1 7 
1012	2 12 8 
1013	3 2 5 12 
1014	1 19 
1015	4 2 6 8 12 
1016	2 16 6 
1017	3 2 11 6 
1018	1 19 
1019	2 2 19 
1020	0 
1021	1 2 
1022	3 2 13 19 
1023	4 12 8 13 6 
1024	2 6 7 
1025	0 
1026	0 
1027	2 2 13 
1028	0 
1029	4 6 7 9 2 
1030	0 
1031	4 1 2 3 19 
1032	1 5 
1033	0 
1034	0 
1035	0 
1036	3 2 6 19 
1037	0 
1038	1 2 
1039	4 2 8 12 16 
1040	1 2 
1041	2 2 13 
1042	1 2 
1043	1 19 
1044	3 2 6 7 
1045	1 2 
1046	4 2 6 7 14 
1047	4 2 5 6 16 
1048	1 2 
1049	2 2 13 
1050	3 7 6 12 
1051	0 
1052	0 
1053	1 14 
1054	0 
1055	3 2 12 19 
1056	0 
1057	0 
1058	1 2 
1059	0 
1060	1 5 
1061	1 2 
1062	1 2 
1063	0 
1064	1 2 
1065	0 
1066	1 10 
1067	2 2 8 
1068	1 5 
1069	1 2 
1070	2 2 19 
1071	4 2 6 8 19 
1072	1 5 
1073	3 2 6 8 
1074	3 2 6 7 
1075	0 
1076	3 2 10 19 
1077	1 19 
1078	3 5 6 13 
1079	0 
1080	4 2 6 8 12 
1081	2 6 8 
1082	1 2 
1083	3 2 6 8 
1084	1 19 
1085	1 7 
1086	1 8 
1087	0 
1088	0 
1089	3 2 6 19 
1090	0 
1091	4 2 6 13 19 
1092	3 1 2 19 
1093	0 
1094	0 
1095	1 12 
1096	1 14 
1097	0 
1098	1 2 
1099	0 
1100	3 2 6 8 
1101	1 14 
1102	1 2 
1103	3 1 2 19 
1104	1 19 
1105	1 16 
1106	1 9 
1107	1 5 
1108	0 
1109	1 2 
1110	1 13 
1111	0 
1112	1 5 
1113	2 2 7 
1114	2 13 19 
1115	2 1 19 
1116	0 
1117	1 2 
1118	2 2 19 
1119	1 19 
1120	4 6 8 10 13 
1121	3 2 6 8 
1122	1 2 
1123	4 2 4 18 19 
1124	1 2 
1125	2 2 19 
1126	0 
1127	4 7 6 12 2 
1128	2 5 6 
1129	2 2 19 
1130	2 2 8 
1131	0 
1132	1 7 
1133	2 2 5 
1134	4 6 7 8 12 
1135	1 19 
1136	3 2 5 19 
1137	1 14 
1138	1 18 
1139	2 2 19 
1140	1 13 
1141	0 
1142	0 
1143	1 11 
1144	1 19 
1145	4 2 6 7 12 
1146	2 12 7 
1147	3 5 6 2 
1148	1 19 
1149	0 
1150	4 2 6 7 13 
1151	2 5 18 
1152	1 2 
1153	0 
1154	1 19 
1155	0 
1156	1 3 
1157	1 19 
1158	2 2 19 
1159	0 
1160	1 6 
1161	3 6 7 2 
1162	0 
1163	4 12 7 6 2 
1164	1 2 
1165	0 
1166	1 2 
1167	1 14 
1168	3 5 18 19 
1169	1 19 
1170	2 17 6 
1171	3 7 6 8 
1172	2 12 6 
1173	1 22 
1174	3 1 2 19 
1175	1 2 
1176	1 7 
1177	4 2 13 19 20 
1178	0 
1179	1 2 
1180	4 2 19 20 21 
1181	1 8 
1182	0 
1183	1 1 
1184	2 2 19 
1185	1 1 
1186	2 2 6 
1187	1 1 
1188	3 8 12 6 
1189	2 8 6 
1190	2 6 16 
1191	2 12 16 
1192	2 2 19 
1193	1 6 
1194	1 5 
1195	3 12 7 6 
1196	1 7 
1197	2 2 19 
1198	2 7 6 
1199	4 2 5 6 19 
1200	3 8 14 6 
1201	1 2 
1202	0 
1203	2 6 8 
1204	3 2 6 12 
1205	4 5 6 2 18 
1206	1 6 
1207	1 7 
1208	1 12 
1209	0 
1210	1 8 
1211	1 19 
1212	1 2 
1213	4 2 5 6 14 
1214	1 12 
1215	4 2 6 8 13 
1216	2 2 13 
1217	3 2 5 19 
1218	3 18 19 2 
1219	2 14 13 
1220	0 
1221	1 5 
1222	0 
1223	1 7 
1224	4 2 6 14 19 
1225	0 
1226	1 2 
1227	2 5 6 
1228	3 2 6 12 
1229	1 10 
1230	1 12 
1231	1 6 
1232	1 7 
1233	0 
1234	1 8 
1235	0 
1236	2 12 6 
1237	1 2 
1238	1 6 
1239	1 14 
1240	2 12 7 
1241	3 2 6 12 
1242	2 2 13 
1243	2 12 16 
1244	0 
1245	1 2 
1246	0 
1247	0 
1248	1 12 
1249	1 12 
1250	2 19 2 
1251	1 12 
1252	1 6 
1253	1 13 
1254	3 2 6 12 
1255	2 2 19 
1256	1 2 
1257	2 2 12 
1258	0 
1259	0 
1260	4 1 2 13 19 
1261	1 5 
1262	3 1 2 19 
1263	3 20 19 18 
1264	2 2 19 
1265	1 5 
1266	0 
1267	0 
1268	0 
1269	2 2 6 
1270	1 20 
1271	1 8 
1272	3 2 6 19 
1273	1 16 
1274	3 2 8 19 
1275	1 12 
1276	1 12 
1277	1 19 
1278	0 
1279	3 1 2 19 
1280	1 2 
1281	1 7 
1282	3 2 6 13 
1283	2 2 19 
1284	1 13 
1285	1 14 
1286	0 
1287	1 6 
1288	2 12 7 
1289	2 2 19 
1290	1 2 
1291	3 12 8 6 
1292	2 2 19 
1293	4 2 6 10 19 
1294	4 2 6 8 12 
1295	3 6 7 12 
1296	1 7 
1297	2 2 6 
1298	4 2 6 7 8 
1299	1 18 
1300	0 
1301	0 
1302	4 2 6 12 13 
1303	2 10 4 
1304	4 1 2 5 19 
1305	2 2 8 
1306	3 2 6 7 
1307	1 2 
1308	2 12 6 
1309	4 2 6 13 19 
1310	4 2 6 7 19 
1311	4 1 2 10 19 
1312	1 1 
1313	0 
1314	2 7 12 
1315	1 13 
1316	1 2 
1317	0 
1318	3 2 19 21 
1319	0 
1320	2 2 22 
1321	0 
1322	0 
1323	2 2 19 
1324	3 19 1 2 
1325	1 7 
1326	1 7 
1327	2 2 19 
1328	1 19 
1329	0 
1330	2 2 5 
1331	0 
1332	0 
1333	3 2 6 8 
1334	1 2 
1335	2 6 2 
1336	0 
1337	2 6 19 
1338	1 2 
1339	2 2 19 
1340	3 2 5 13 
1341	2 12 7 
1342	3 2 5 12 
1343	2 2 19 
1344	4 2 19 1 3 
1345	3 19 2 13 
1346	3 3 19 2 
1347	1 2 
1348	1 2 
1349	3 2 14 19 
1350	4 2 10 12 13 
1351	1 2 
1352	1 2 
1353	1 14 
1354	1 8 
1355	4 2 6 7 19 
1356	2 12 2 
1357	1 8 
1358	3 2 6 19 
1359	1 19 
1360	4 2 5 6 19 
1361	4 2 6 8 19 
1362	3 13 18 19 
1363	1 2 
1364	3 2 12 18 
1365	1 13 
1366	3 1 2 19 
1367	1 7 
1368	1 2 
1369	2 2 19 
1370	2 5 18 
1371	0 
1372	3 2 6 7 
1373	4 2 5 12 19 
1374	4 2 6 7 19 
1375	0 
1376	0 
1377	1 2 
1378	1 16 
1379	1 6 
1380	1 12 
1381	2 19 1 
1382	3 2 6 13 
1383	3 2 12 14 
1384	0 
1385	1 9 
1386	3 2 18 19 
1387	3 2 16 19 
1388	2 2 22 
1389	0 
1390	1 7 
1391	1 2 
1392	1 19 
1393	1 19 
1394	1 2 
1395	1 12 
1396	2 7 6 
1397	1 5 
1398	0 
1399	0 
1400	1 13 
1401	1 6 
1402	2 2 7 
1403	3 2 19 21 
1404	0 
1405	2 2 19 
1406	3 2 13 19 
1407	2 2 19 
1408	2 5 6 
1409	4 2 6 12 13 
1410	2 2 19 
1411	1 14 
1412	4 12 7 6 2 
1413	0 
1414	3 2 6 19 
1415	2 6 7 
1416	1 2 
1417	1 8 
1418	4 2 5 6 8 
1419	0 
1420	2 13 8 
1421	4 2 6 12 19 
1422	1 13 
1423	4 2 10 13 15 
1424	3 2 13 19 
1425	2 5 18 
1426	1 3 
1427	1 1 
1428	3 2 3 5 
1429	2 2 8 
1430	1 7 
1431	4 1 2 10 19 
1432	2 2 19 
1433	0 
1434	2 2 22 
1435	1 5 
1436	3 2 19 22 
1437	0 
1438	0 
1439	2 5 18 
1440	2 2 19 
1441	1 2 
1442	3 7 6 8 
1443	0 
1444	0 
1445	2 2 5 
1446	4 2 5 6 12 
1447	0 
1448	2 16 15 
1449	3 2 10 19 
1450	4 2 8 14 19 
1451	3 1 2 19 
1452	3 1 2 19 
1453	0 
1454	1 2 
1455	2 2 12 
1456	1 2 
1457	2 12 2 
1458	1 19 
1459	1 1 
1460	1 12 
1461	0 
1462	3 2 6 13 
1463	3 2 6 19 
1464	1 14 
1465	1 22 
1466	1 2 
1467	4 1 2 6 19 
1468	3 2 13 19 
1469	3 1 2 19 
1470	0 
1471	3 1 2 19 
1472	1 2 
1473	1 19 
1474	1 19 
1475	1 5 
1476	2 2 6 
1477	2 2 19 
1478	1 8 
1479	1 19 
1480	3 2 6 8 
1481	1 2 
1482	4 2 5 12 19 
1483	0 
1484	3 1 2 19 
1485	3 1 2 19 
1486	0 
1487	2 2 19 
1488	1 12 
1489	3 5 18 16 
1490	2 12 7 
1491	4 5 6 2 16 
1492	1 13 
1493	0 
1494	4 2 9 10 15 
1495	3 2 6 19 
1496	1 19 
1497	4 2 6 8 19 
1498	3 8 12 13 
1499	2 2 12 
1500	1 19 
1501	2 2 14 
1502	3 2 12 13 
1503	1 16 
1504	1 1 
1505	1 18 
1506	1 12 
1507	2 3 19 
1508	2 2 19 
1509	3 1 2 19 
1510	2 2 22 
1511	2 1 2 
1512	2 2 19 
1513	1 2 
1514	1 16 
1515	1 12 
1516	2 16 12 
1517	3 1 2 19 
1518	1 13 
1519	2 2 19 
1520	1 7 
1521	4 2 6 8 19 
1522	0 
1523	4 1 2 18 19 
1524	3 2 6 12 
1525	3 2 19 20 
1526	0 
1527	3 7 9 10 
1528	2 2 12 
1529	4 1 2 6 19 
1530	1 7 
1531	0 
1532	4 2 5 19 20 
1533	1 5 
1534	3 2 10 19 
1535	2 2 19 
1536	2 5 6 
1537	2 16 5 
1538	1 13 
1539	3 1 2 19 
1540	1 5 
1541	0 
1542	1 2 
1543	2 2 19 
1544	2 2 6 
1545	2 2 19 
1546	0 
1547	0 
1548	2 2 19 
1549	0 
1550	2 16 8 
1551	3 2 19 20 
1552	2 2 12 
1553	1 12 
1554	4 2 6 8 16 
1555	1 2 
1556	1 6 
1557	2 19 20 
1558	0 
1559	0 
1560	1 1 
1561	1 2 
1562	3 2 6 8 
1563	1 16 
1564	1 8 
1565	3 2 6 19 
1566	0 
1567	1 3 
1568	0 
1569	1 13 
1570	1 8 
1571	1 2 
1572	3 12 2 7 
1573	2 2 19 
1574	1 12 
1575	0 
1576	1 2 
1577	0 
1578	4 9 13 21 7 
1579	3 2 6 13 
1580	1 6 
1581	1 2 
1582	2 6 5 
1583	3 2 18 19 
1584	1 10 
1585	0 
1586	3 2 4 10 
1587	1 5 
1588	0 
1589	2 7 6 
1590	2 12 8 
1591	2 2 19 
1592	2 2 19 
1593	1 2 
1594	3 2 5 6 
1595	2 2 5 
1596	4 2 5 8 13 
1597	1 6 
1598	1 6 
1599	2 2 19 
1600	1 12 
1601	4 2 4 6 19 
1602	1 21 
1603	3 12 13 9 
1604	2 2 6 
1605	1 2 
1606	0 
1607	1 2 
1608	1 19 
1609	1 2 
1610	2 2 6 
1611	0 
1612	2 5 6 
1613	4 12 2 6 5 
1614	3 1 2 19 
1615	1 12 
1616	3 2 5 13 
1617	2 2 5 
1618	3 16 15 12 
1619	3 7 12 6 
1620	3 2 6 8 
1621	3 2 5 6 
1622	2 2 19 
1623	1 19 
1624	0 
1625	1 2 
1626	1 8 
1627	1 2 
1628	1 6 
1629	4 2 6 12 19 
1630	4 2 6 8 13 
1631	1 5 
1632	4 8 7 6 12 
1633	2 5 6 
1634	2 2 6 
1635	1 2 
1636	0 
1637	1 14 
1638	1 8 
1639	0 
1640	3 2 5 6 
1641	1 19 
1642	2 8 6 
1643	4 2 6 8 12 
1644	1 2 
1645	0 
1646	2 2 19 
1647	1 19 
1648	1 2 
1649	1 2 
1650	1 5 
1651	2 7 6 
1652	1 2 
1653	1 19 
1654	3 2 6 8 
1655	0 
1656	0 
1657	2 6 8 
1658	1 20 
1659	1 12 
1660	1 2 
1661	2 2 19 
1662	3 1 2 19 
1663	3 2 5 6 
1664	1 1 
1665	1 20 
1666	1 5 
1667	1 14 
1668	2 6 2 
1669	1 12 
1670	1 6 
1671	1 3 
1672	2 2 19 
1673	2 2 19 
1674	2 1 19 
1675	0 
1676	1 8 
1677	0 
1678	1 2 
1679	4 2 6 7 19 
1680	1 19 
1681	1 1 
1682	0 
1683	4 5 6 16 2 
1684	1 19 
1685	1 19 
1686	2 2 5 
1687	2 5 6 
1688	1 2 
1689	1 2 
1690	0 
1691	3 2 19 22 
1692	1 12 
1693	2 2 19 
1694	2 2 19 
1695	3 12 7 6 
1696	3 2 6 19 
1697	3 2 6 12 
1698	2 7 9 
1699	1 2 
1700	1 2 
1701	2 2 19 
1702	1 7 
1703	0 
1704	1 5 
1705	1 5 
1706	3 1 2 19 
1707	2 2 8 
1708	1 13 
1709	4 2 5 6 19 
1710	2 2 22 
1711	2 1 19 
1712	3 2 13 22 
1713	2 2 19 
1714	2 3 19 
1715	2 2 19 
1716	3 2 5 19 
1717	4 5 6 18 2 
1718	2 16 12 
1719	2 2 6 
1720	3 2 6 12 
1721	1 2 
1722	2 2 19 
1723	2 7 12 
1724	3 2 6 8 
1725	1 7 
1726	4 2 8 12 19 
1727	1 2 
1728	2 5 6 
1729	1 8 
1730	2 2 22 
1731	0 
1732	3 1 2 19 
1733	2 2 19 
1734	0 
1735	3 2 6 8 
1736	0 
1737	2 4 5 
1738	4 2 6 7 12 
1739	0 
1740	1 19 
1741	3 1 2 19 
1742	1 2 
1743	2 5 18 
1744	1 8 
1745	0 
1746	3 1 2 19 
1747	1 7 
1748	3 2 12 19 
1749	4 7 6 12 2 
1750	3 2 13 19 
1751	0 
1752	3 2 6 12 
1753	1 6 
1754	2 7 6 
1755	0 
1756	3 2 6 19 
1757	1 6 
1758	1 2 
1759	0 
1760	2 2 19 
1761	3 15 16 12 
1762	1 7 
1763	2 2 19 
1764	2 19 20 
1765	3 2 5 18 
1766	4 2 6 8 14 
1767	0 
1768	2 2 19 
1769	0 
1770	1 6 
1771	3 2 5 19 
1772	1 1 
1773	1 4 
1774	4 2 6 8 19 
1775	1 5 
1776	1 2 
1777	1 2 
1778	2 19 20 
1779	2 2 6 
1780	2 2 19 
1781	2 19 2 
1782	2 5 18 
1783	3 2 5 6 
1784	1 18 
1785	2 7 13 
1786	3 2 19 20 
1787	3 2 12 19 
1788	2 6 8 
1789	1 19 
1790	2 2 19 
1791	3 2 5 8 
1792	3 2 5 12 
1793	1 2 
1794	1 1 
1795	2 5 6 
1796	2 5 2 
1797	4 2 6 12 13 
1798	0 
1799	3 2 12 16 
1800	4 2 6 7 8 
1801	4 2 6 8 14 
1802	2 2 19 
1803	1 16 
1804	3 1 2 19 
1805	1 12 
1806	1 2 
1807	1 4 
1808	1 2 
1809	3 2 7 19 
1810	3 5 2 6 
1811	1 7 
1812	1 12 
1813	2 2 19 
1814	1 5 
1815	2 2 19 
1816	1 12 
1817	0 
1818	0 
1819	2 7 6 
1820	3 2 13 19 
1821	0 
1822	2 2 13 
1823	1 19 
1824	3 2 6 7 
1825	0 
1826	1 6 
1827	1 19 
1828	1 2 
1829	2 4 13 
1830	2 7 12 
1831	4 13 7 10 12 
1832	0 
1833	2 2 6 
1834	2 7 6 
1835	2 2 19 
1836	4 2 6 8 14 
1837	2 5 6 
1838	1 1 
1839	3 2 6 8 
1840	4 2 6 7 13 
1841	1 17 
1842	1 6 
1843	4 2 6 8 12 
1844	3 1 2 19 
1845	1 14 
1846	4 2 8 12 16 
1847	1 6 
1848	1 12 
1849	4 2 6 7 13 
1850	1 19 
1851	2 6 8 
1852	1 8 
1853	2 8 19 
1854	1 12 
1855	1 19 
1856	1 7 
1857	0 
1858	1 2 
1859	1 2 
1860	1 5 
1861	2 5 6 
1862	1 2 
1863	1 7 
1864	0 
1865	2 1 19 
1866	1 20 
1867	3 1 2 19 
1868	2 2 12 
1869	1 5 
1870	2 8 6 
1871	2 5 6 
1872	0 
1873	1 2 
1874	0 
1875	1 5 
1876	1 5 
1877	2 5 12 
1878	2 2 19 
1879	2 2 19 
1880	1 7 
1881	1 1 
1882	3 1 2 19 
1883	1 13 
1884	1 2 
1885	1 6 
1886	2 19 10 
1887	2 7 9 
1888	3 2 6 8 
1889	2 2 19 
1890	1 2 
1891	3 2 6 19 
1892	0 
1893	3 8 6 15 
1894	2 2 6 
1895	3 2 6 8 
1896	3 15 10 16 
1897	1 3 
1898	3 2 7 19 
1899	0 
1900	2 8 12 
1901	3 19 1 20 
1902	3 1 2 19 
1903	2 2 6 
1904	3 2 6 12 
1905	0 
1906	0 
1907	4 2 5 6 18 
1908	0 
1909	1 2 
1910	4 2 6 8 12 
1911	0 
1912	2 2 6 
1913	3 2 6 19 
1914	4 2 6 8 13 
1915	2 6 7 
1916	2 1 19 
1917	1 2 
1918	1 10 
1919	0 
1920	0 
1921	4 2 6 7 12 
1922	1 19 
1923	1 20 
1924	2 12 7 
1925	3 2 16 19 
1926	4 2 7 12 19 
1927	1 2 
1928	1 7 
1929	4 2 6 13 19 
1930	1 1 
1931	2 19 20 
1932	2 7 2 
1933	0 
1934	3 2 5 6 
1935	1 6 
1936	2 5 3 
1937	1 4 
1938	4 14 2 8 6 
1939	4 2 6 7 19 
1940	2 2 19 
1941	4 12 2 5 6 
1942	0 
1943	2 12 7 
1944	4 2 6 13 16 
1945	3 1 2 19 
1946	2 2 19 
1947	1 9 
1948	2 2 6 
1949	3 1 2 19 
1950	2 19 2 
1951	0 
1952	1 12 
1953	0 
1954	2 2 19 
1955	3 1 2 19 
1956	1 7 
1957	1 5 
1958	4 2 13 14 19 
1959	1 2 
1960	1 6 
1961	1 20 
1962	1 2 
1963	1 2 
1964	3 12 16 6 
1965	2 2 13 
1966	3 12 16 8 
1967	1 2 
1968	0 
1969	1 2 
1970	1 2 
1971	0 
1972	1 2 
1973	0 
1974	1 19 
1975	4 2 6 8 19 
1976	0 
1977	0 
1978	0 
1979	0 
1980	3 2 6 12 
1981	2 2 19 
1982	2 5 18 
1983	2 13 10 
1984	2 2 19 
1985	1 19 
1986	3 1 2 19 
1987	2 18 19 
1988	2 2 7 
1989	1 2 
1990	1 22 
1991	0 
1992	1 10 
1993	3 2 8 14 
1994	4 2 7 10 19 
1995	3 12 6 7 
1996	2 2 6 
1997	1 2 
1998	4 2 5 6 12 
1999	0 
2000	0 
2001	3 1 2 19 
2002	4 2 6 8 12 
2003	1 6 
2004	4 1 2 18 19 
2005	4 2 13 18 19 
2006	2 12 13 
2007	1 15 
2008	2 2 19 
2009	4 2 5 6 19 
2010	3 2 19 20 
2011	3 2 6 8 
2012	3 7 12 6 
2013	0 
2014	1 13 
2015	1 2 
2016	1 2 
2017	0 
2018	3 2 5 19 
2019	0 
2020	2 2 5 
2021	3 1 2 19 
2022	0 
2023	1 2 
2024	0 
2025	2 2 6 
2026	3 2 18 19 
2027	3 2 19 20 
2028	0 
2029	4 2 6 8 19 
2030	1 2 
2031	1 13 
2032	0 
2033	2 6 7 
2034	3 2 12 19 
2035	1 8 
2036	1 8 
2037	2 2 19 
2038	3 2 6 8 
2039	2 16 19 
2040	2 22 20 
2041	2 2 19 
2042	0 
2043	4 9 6 7 8 
2044	0 
2045	1 2 
2046	2 5 6 
2047	2 2 5 
2048	1 2 
2049	1 2 
2050	2 2 19 
2051	1 5 
2052	1 2 
2053	1 19 
2054	0 
2055	4 2 6 8 14 
2056	1 7 
2057	1 20 
2058	2 2 13 
2059	2 2 19 
2060	1 1 
2061	1 6 
2062	4 2 6 7 19 
2063	1 5 
2064	1 7 
2065	0 
2066	2 8 12 
2067	2 2 19 
2068	1 13 
2069	1 7 
2070	1 19 
2071	1 12 
2072	4 1 2 19 20 
2073	2 5 6 
2074	2 2 19 
2075	1 2 
2076	0 
2077	2 1 19 
2078	3 5 16 18 
2079	1 5 
2080	1 21 
2081	3 2 10 15 
2082	2 6 8 
2083	2 2 19 
2084	4 2 6 8 13 
2085	3 14 2 13 
2086	0 
2087	2 2 6 
2088	2 19 20 
2089	2 16 5 
2090	1 5 
2091	2 7 6 
2092	2 2 19 
2093	3 2 6 8 
2094	1 6 
2095	2 19 20 
2096	2 6 2 
2097	1 2 
2098	4 2 6 8 12 
2099	2 2 19 
2100	4 2 6 7 8 
2101	1 2 
2102	1 5 
2103	1 14 
2104	2 4 18 
2105	1 2 
2106	4 7 6 12 11 
2107	2 2 19 
2108	2 8 6 
2109	2 4 10 
2110	2 2 19 
2111	4 1 2 6 19 
2112	1 5 
2113	2 2 19 
2114	2 2 19 
2115	3 2 6 19 
2116	4 2 6 12 19 
2117	2 2 19 
2118	3 2 18 19 
2119	0 
2120	2 2 6 
2121	3 1 2 19 
2122	1 7 
2123	2 2 8 
2124	0 
2125	3 1 2 19 
2126	1 2 
2127	3 7 12 6 
2128	1 5 
2129	2 2 19 
2130	2 8 6 
2131	2 2 19 
2132	1 20 
2133	2 2 19 
2134	4 1 2 3 19 
2135	4 2 5 6 19 
2136	3 2 13 19 
2137	0 
2138	1 2 
2139	2 7 6 
2140	3 2 3 19 
2141	2 2 19 
2142	1 19 
2143	1 7 
2144	1 6 
2145	1 2 
2146	0 
2147	3 2 5 6 
2148	2 7 13 
2149	1 2 
2150	0 
2151	1 7 
2152	1 6 
2153	1 2 
2154	0 
2155	1 22 
2156	4 2 6 13 19 
2157	3 2 10 13 
2158	1 12 
2159	1 5 
2160	1 7 
2161	2 7 13 
2162	1 8 
2163	1 7 
2164	1 9 
2165	3 12 7 6 
2166	2 2 19 
2167	1 13 
2168	0 
2169	0 
2170	3 2 18 19 
2171	2 2 22 
2172	1 8 
2173	1 5 
2174	4 1 2 12 19 
2175	0 
2176	3 2 6 19 
2177	4 2 6 7 14 
2178	2 2 19 
2179	1 7 
2180	4 2 12 14 16 
2181	0 
2182	4 2 6 13 19 
2183	2 2 19 
2184	2 7 9 
2185	2 7 12 
2186	4 7 12 6 2 
2187	1 2 
2188	2 7 12 
2189	3 2 12 19 
2190	2 2 8 
2191	0 
2192	1 2 
2193	4 2 13 19 20 
2194	1 12 
2195	1 5 
2196	2 2 19 
2197	0 
2198	2 6 9 
2199	3 2 14 19 
2200	2 2 19 
2201	1 2 
2202	4 2 5 18 19 
2203	4 1 2 10 19 
2204	3 2 19 20 
2205	0 
2206	3 2 5 6 
2207	4 12 7 6 8 
2208	2 2 19 
2209	2 2 6 
2210	2 2 19 
2211	3 2 18 19 
2212	3 2 6 19 
2213	3 1 2 19 
2214	4 2 6 12 19 
2215	3 2 13 19 
2216	0 
2217	2 2 6 
2218	1 8 
2219	2 12 8 
2220	1 12 
2221	2 19 10 
2222	3 2 10 19 
2223	3 2 20 22 
2224	4 2 6 8 19 
2225	4 2 6 8 12 
2226	1 1 
2227	2 12 7 
2228	3 2 6 8 
2229	1 4 
2230	0 
2231	1 7 
2232	1 2 
2233	2 13 9 
2234	0 
2235	4 2 8 13 19 
2236	0 
2237	2 2 19 
2238	1 2 
2239	1 7 
2240	1 5 
2241	2 12 6 
2242	4 1 2 10 19 
2243	0 
2244	1 2 
2245	3 6 12 8 
2246	3 5 6 2 
2247	3 6 7 2 
2248	1 20 
2249	1 8 
2250	4 12 7 2 6 
2251	3 2 6 8 
2252	3 1 2 19 
2253	4 2 5 6 16 
2254	1 2 
2255	1 6 
2256	0 
2257	1 6 
2258	0 
2259	3 2 6 8 
2260	2 2 6 
2261	3 2 6 19 
2262	4 1 2 13 19 
2263	2 19 20 
2264	2 2 6 
2265	2 2 6 
2266	1 12 
2267	2 2 12 
2268	4 2 5 6 13 
2269	0 
2270	4 2 12 14 19 
2271	2 2 19 
2272	2 2 19 
2273	0 
2274	1 5 
2275	0 
2276	2 19 20 
2277	1 8 
2278	0 
2279	2 2 6 
2280	3 19 17 2 
2281	0 
2282	0 
2283	2 5 18 
2284	1 2 
2285	1 12 
2286	0 
2287	1 14 
2288	1 19 
2289	4 1 2 13 19 
2290	1 2 
2291	2 5 6 
2292	1 8 
2293	1 1 
2294	2 2 5 
2295	2 2 5 
2296	2 9 12 
2297	1 5 
2298	1 12 
2299	2 19 20 
2300	4 2 6 8 19 
2301	1 4 
2302	1 12 
2303	3 6 12 9 
2304	3 2 7 19 
2305	1 5 
2306	0 
2307	3 2 18 19 
2308	2 2 8 
2309	1 2 
2310	0 
2311	2 19 2 
2312	1 2 
2313	0 
2314	2 2 19 
2315	1 1 
2316	1 6 
2317	3 2 12 19 
2318	1 8 
2319	2 2 19 
2320	2 19 1 
2321	2 2 8 
2322	3 1 2 19 
2323	3 2 10 19 
2324	2 2 12 
2325	2 2 12 
2326	1 6 
2327	1 6 
2328	1 19 
2329	2 2 6 
2330	3 1 2 19 
2331	0 
2332	2 6 7 
2333	0 
2334	3 2 10 13 
2335	1 7 
2336	0 
2337	1 20 
2338	4 1 2 10 19 
2339	1 8 
2340	1 1 
2341	3 19 10 1 
2342	2 8 2 
2343	4 2 6 8 12 
2344	1 8 
2345	1 2 
2346	1 6 
2347	2 12 7 
2348	1 2 
2349	0 
2350	1 5 
2351	2 7 6 
2352	2 2 6 
2353	3 20 19 1 
2354	3 1 2 19 
2355	1 2 
2356	2 6 8 
2357	0 
2358	2 2 19 
2359	2 2 13 
2360	1 2 
2361	4 2 5 10 19 
2362	3 1 2 19 
2363	2 1 19 
2364	1 19 
2365	2 2 19 
2366	1 2 
2367	2 5 6 
2368	3 5 16 6 
2369	4 5 6 2 16 
2370	1 2 
2371	1 2 
2372	4 2 6 8 19 
2373	0 
2374	1 12 
2375	4 2 6 8 19 
2376	0 
2377	2 5 16 
2378	3 2 10 19 
2379	4 13 6 8 2 
2380	1 5 
2381	1 7 
2382	1 7 
2383	3 2 5 6 
2384	1 13 
2385	0 
2386	1 7 
2387	2 10 19 
2388	4 2 6 8 12 
2389	4 2 13 16 19 
2390	0 
2391	0 
2392	2 2 19 
2393	3 2 12 19 
2394	1 12 
2395	0 
2396	3 2 19 20 
2397	3 2 10 13 
2398	1 2 
2399	1 5 
2400	4 2 6 12 19 
2401	4 13 10 4 2 
2402	3 2 13 19 
2403	2 5 6 
2404	1 9 
2405	3 2 6 19 
2406	0 
2407	4 2 5 6 7 
2408	3 2 6 19 
2409	2 2 19 
2410	2 6 8 
2411	2 20 19 
2412	3 2 6 8 
2413	2 2 13 
2414	3 1 2 19 
2415	2 2 5 
2416	1 2 
2417	1 2 
2418	1 6 
2419	3 2 8 12 
2420	0 
2421	4 1 2 19 20 
2422	1 6 
2423	0 
2424	2 2 13 
2425	1 19 
2426	1 1 
2427	3 12 2 6 
2428	1 2 
2429	1 2 
2430	0 
2431	1 2 
2432	2 2 6 
2433	0 
2434	2 2 6 
2435	2 2 6 
2436	4 2 13 19 20 
2437	0 
2438	4 2 13 19 20 
2439	2 7 6 
2440	0 
2441	1 1 
2442	1 20 
2443	1 19 
2444	2 2 19 
2445	1 2 
2446	1 2 
2447	3 8 6 7 
2448	4 2 6 8 19 
2449	2 5 2 
2450	3 6 8 7 
2451	0 
2452	1 12 
2453	1 10 
2454	2 6 8 
2455	0 
2456	0 
2457	4 2 5 6 19 
2458	2 7 6 
2459	1 6 
2460	1 19 
2461	3 2 6 13 
2462	4 2 6 8 19 
2463	3 2 5 6 
2464	3 2 13 19 
2465	1 2 
2466	2 2 19 
2467	2 6 2 
2468	2 2 6 
2469	4 2 6 8 12 
2470	2 2 5 
2471	1 6 
2472	2 2 5 
2473	0 
2474	2 2 19 
2475	3 8 6 12 
2476	0 
2477	0 
2478	2 2 12 
2479	4 2 5 10 19 
2480	4 2 6 7 13 
2481	0 
2482	0 
2483	1 12 
2484	0 
2485	1 19 
2486	1 2 
2487	2 2 6 
2488	4 12 2 6 7 
2489	2 2 19 
2490	0 
2491	2 12 2 
2492	0 
2493	4 2 7 13 19 
2494	2 12 8 
2495	3 12 9 6 
2496	2 2 19 
2497	0 
2498	3 2 6 8 
2499	1 13 
2500	1 6 
2501	3 2 6 19 
2502	3 19 1 2 
2503	0 
2504	2 7 12 
2505	3 1 2 19 
2506	0 
2507	1 12 
2508	4 2 6 8 13 
2509	1 2 
2510	0 
2511	3 2 6 19 
2512	1 19 
2513	2 2 19 
2514	3 2 6 13 
2515	1 12 
2516	0 
2517	0 
2518	2 7 12 
2519	1 2 
2520	1 2 
2521	2 19 13 
2522	0 
2523	0 
2524	4 2 6 8 12 
2525	4 2 12 13 19 
2526	3 2 7 19 
2527	1 12 
2528	2 7 6 
2529	1 19 
2530	0 
2531	2 5 6 
2532	3 1 2 19 
2533	3 2 8 12 
2534	0 
2535	4 2 6 7 12 
2536	1 2 
2537	0 
2538	3 2 5 19 
2539	0 
2540	0 
2541	0 
2542	1 12 
2543	1 2 
2544	3 1 2 19 
2545	0 
2546	3 2 5 19 
2547	0 
2548	3 2 13 19 
2549	1 19 
2550	1 19 
2551	1 2 
2552	1 2 
2553	0 
2554	4 2 5 6 19 
2555	2 2 19 
2556	3 16 12 6 
2557	2 2 19 
2558	1 7 
2559	1 12 
2560	2 2 19 
2561	2 2 6 
2562	3 2 6 19 
2563	4 2 10 13 16 
2564	2 2 19 
2565	2 2 12 
2566	0 
2567	4 2 6 12 14 
2568	1 2 
2569	3 2 10 19 
2570	1 18 
2571	3 1 2 19 
2572	0 
2573	2 9 7 
2574	1 2 
2575	1 19 
2576	4 2 6 7 8 
2577	0 
2578	0 
2579	2 2 19 
2580	4 8 6 2 19 
2581	1 19 
2582	4 10 19 2 13 
2583	0 
2584	3 1 2 19 
2585	4 1 2 6 19 
2586	3 2 19 20 
2587	3 2 12 13 
2588	2 2 19 
2589	1 2 
2590	0 
2591	1 2 
2592	0 
2593	3 1 2 19 
2594	1 8 
2595	4 2 6 12 13 
2596	4 2 6 8 12 
2597	1 12 
2598	2 2 13 
2599	2 2 19 
2600	3 2 5 12 
2601	2 2 19 
2602	3 2 6 19 
2603	2 19 20 
2604	1 2 
2605	1 5 
2606	1 13 
2607	1 2 
2608	2 12 16 
2609	2 19 20 
2610	4 2 5 6 12 
2611	1 2 
2612	0 
2613	1 2 
2614	1 2 
2615	1 5 
2616	1 2 
2617	2 2 19 
2618	1 12 
2619	4 2 6 8 19 
2620	3 2 10 12 
2621	2 12 8 
2622	1 2 
2623	1 2 
2624	4 2 6 7 12 
2625	2 5 16 
2626	2 2 19 
2627	0 
2628	3 1 2 19 
2629	4 1 2 18 19 
2630	1 14 
2631	3 2 6 12 
2632	2 2 8 
2633	3 2 10 19 
2634	0 
2635	1 2 
2636	2 2 6 
2637	0 
2638	1 12 
2639	1 19 
2640	4 2 5 18 19 
2641	4 2 5 18 19 
2642	0 
2643	1 2 
2644	0 
2645	1 2 
2646	1 2 
2647	2 2 6 
2648	3 2 6 19 
2649	2 2 19 
2650	3 2 5 6 
2651	0 
2652	0 
2653	1 19 
2654	0 
2655	1 7 
2656	0 
2657	2 19 20 
2658	2 5 18 
2659	2 2 5 
2660	4 2 5 6 10 
2661	0 
2662	1 6 
2663	4 2 6 19 20 
2664	1 8 
2665	1 2 
2666	1 12 
2667	1 13 
2668	2 2 17 
2669	2 1 19 
2670	3 2 6 19 
2671	1 7 
2672	0 
2673	1 14 
2674	0 
2675	0 
2676	1 12 
2677	1 18 
2678	4 19 20 10 18 
2679	2 2 19 
2680	2 2 19 
2681	3 2 7 19 
2682	3 1 2 19 
2683	3 2 5 16 
2684	4 2 6 8 13 
2685	3 2 5 12 
2686	1 20 
2687	4 12 2 19 13 
2688	4 2 5 14 19 
2689	0 
2690	1 5 
2691	2 2 19 
2692	1 2 
2693	1 19 
2694	3 2 14 19 
2695	2 5 16 
2696	0 
2697	2 2 19 
2698	1 12 
2699	2 2 19 
2700	1 2 
2701	1 12 
2702	1 6 
2703	1 7 
2704	0 
2705	1 18 
2706	1 5 
2707	2 5 6 
2708	3 2 8 19 
2709	0 
2710	1 19 
2711	1 6 
2712	2 2 19 
2713	3 2 5 19 
2714	2 12 7 
2715	1 7 
2716	0 
2717	1 19 
2718	2 2 19 
2719	2 2 19 
2720	4 2 13 19 20 
2721	1 2 
2722	4 2 13 17 19 
2723	1 4 
2724	2 2 19 
2725	0 
2726	2 2 19 
2727	1 12 
2728	0 
2729	3 10 12 19 
2730	4 19 2 10 13 
2731	0 
2732	2 12 6 
2733	2 12 13 
2734	2 2 19 
2735	4 2 5 6 19 
2736	2 5 16 
2737	2 2 10 
2738	4 2 6 7 12 
2739	2 2 19 
2740	2 2 6 
2741	4 2 6 12 19 
2742	4 6 7 12 2 
2743	0 
2744	2 12 8 
2745	3 2 6 19 
2746	3 1 19 2 
2747	0 
2748	0 
2749	1 2 
2750	2 2 12 
2751	1 2 
2752	3 2 5 19 
2753	3 12 13 19 
2754	2 2 19 
2755	1 2 
2756	2 12 7 
2757	2 2 19 
2758	2 19 13 
2759	1 2 
2760	2 16 5 
2761	0 
2762	1 20 
2763	1 2 
2764	1 2 
2765	2 2 19 
2766	2 11 7 
2767	0 
2768	1 19 
2769	2 2 19 
2770	1 5 
2771	4 2 6 8 19 
2772	1 2 
2773	2 2 10 
2774	1 2 
2775	2 2 19 
2776	4 2 19 20 22 
2777	4 2 5 6 13 
2778	4 2 5 6 8 
2779	4 2 5 6 13 
2780	2 2 13 
2781	2 2 19 
2782	3 2 19 20 
2783	3 2 13 19 
2784	2 2 19 
2785	1 6 
2786	0 
2787	3 2 6 12 
2788	3 2 4 10 
2789	0 
2790	1 2 
2791	3 1 2 19 
2792	0 
2793	2 2 6 
2794	0 
2795	0 
2796	0 
2797	3 14 2 5 
2798	4 2 5 13 19 
2799	1 2 
2800	3 19 20 10 
2801	1 2 
2802	4 1 2 6 19 
2803	0 
2804	2 7 12 
2805	3 12 6 8 
2806	3 2 6 12 
2807	2 2 5 
2808	0 
2809	2 2 19 
2810	4 2 6 8 19 
2811	2 6 2 
2812	4 2 6 14 19 
2813	1 2 
2814	3 2 6 14 
2815	3 2 5 6 
2816	1 12 
2817	2 2 8 
2818	2 2 19 
2819	2 2 19 
2820	2 12 2 
2821	0 
2822	1 19 
2823	3 2 19 22 
2824	2 2 19 
2825	0 
2826	2 2 19 
2827	1 12 
2828	0 
2829	3 2 6 19 
2830	4 2 5 6 19 
2831	0 
2832	3 2 13 19 
2833	1 12 
2834	1 12 
2835	1 2 
2836	2 2 19 
2837	2 2 19 
2838	1 18 
2839	4 2 5 6 12 
2840	1 2 
2841	0 
2842	2 5 6 
2843	2 12 6 
2844	1 12 
2845	1 13 
2846	0 
2847	2 6 5 
2848	0 
2849	1 2 
2850	4 2 5 6 10 
2851	2 2 13 
2852	1 2 
2853	4 2 5 18 19 
2854	2 12 7 
2855	1 2 
2856	1 2 
2857	1 2 
2858	2 2 19 
2859	3 2 5 16 
2860	2 2 6 
2861	2 2 19 
2862	4 1 2 19 20 
2863	3 18 19 20 
2864	1 2 
2865	1 13 
2866	2 2 6 
2867	2 2 19 
2868	2 2 19 
2869	2 2 19 
2870	2 10 19 
2871	1 6 
2872	1 10 
2873	2 2 8 
2874	0 
2875	3 12 8 2 
2876	1 12 
2877	1 5 
2878	3 1 2 19 
2879	1 19 
2880	1 19 
2881	4 1 2 6 19 
2882	0 
2883	4 1 2 13 19 
2884	3 2 7 19 
2885	1 2 
2886	1 19 
2887	1 3 
2888	0 
2889	1 19 
2890	2 5 6 
2891	3 12 7 8 
2892	0 
2893	4 2 7 13 19 
2894	3 2 17 19 
2895	2 2 19 
2896	4 2 5 6 19 
2897	1 2 
2898	2 7 12 
2899	0 
2900	1 2 
2901	1 12 
2902	2 2 19 
2903	1 2 
2904	3 2 6 19 
2905	4 2 6 7 12 
2906	3 2 6 12 
2907	2 5 6 
2908	1 2 
2909	3 2 19 20 
2910	1 2 
2911	3 1 2 19 
2912	0 
2913	1 2 
2914	0 
2915	1 13 
2916	3 1 2 19 
2917	1 5 
2918	3 2 6 8 
2919	1 2 
2920	2 2 19 
2921	3 1 2 19 
2922	2 2 19 
2923	0 
2924	0 
2925	2 12 15 
2926	1 12 
2927	0 
2928	1 13 
2929	2 22 19 
2930	3 2 5 18 
2931	2 2 6 
2932	4 2 5 10 19 
2933	4 2 6 12 19 
2934	2 2 6 
2935	1 2 
2936	1 2 
2937	1 12 
2938	0 
2939	1 2 
2940	2 2 19 
2941	1 12 
2942	3 2 13 19 
2943	2 1 2 
2944	1 12 
2945	3 2 5 19 
2946	0 
2947	2 2 19 
2948	3 2 19 20 
2949	4 2 6 12 18 
2950	1 2 
2951	4 1 2 19 20 
2952	2 2 19 
2953	1 12 
2954	0 
2955	3 2 14 19 
2956	0 
2957	0 
2958	1 2 
2959	3 2 13 19 
2960	1 19 
2961	4 2 13 14 19 
2962	0 
2963	4 2 6 8 13 
2964	2 2 19 
2965	2 2 19 
2966	2 2 19 
2967	3 1 2 19 
2968	2 2 6 
2969	0 
2970	0 
2971	1 2 
2972	2 5 6 
2973	2 2 6 
2974	1 13 
2975	2 14 2 
2976	4 2 6 12 19 
2977	0 
2978	1 19 
2979	3 2 6 19 
2980	3 12 14 2 
2981	2 2 19 
2982	4 2 12 13 19 
2983	2 2 19 
2984	1 2 
2985	2 2 14 
2986	2 14 2 
2987	1 19 
2988	3 2 6 19 
2989	0 
2990	4 2 6 13 19 
2991	4 2 19 20 22 
2992	0 
2993	1 6 
2994	1 14 
2995	0 
2996	2 2 19 
2997	1 2 
2998	4 2 6 8 19 
2999	2 2 19 
3000	2 2 19 
3001	1 2 
3002	4 2 5 18 19 
3003	1 2 
3004	0 
3005	1 2 
3006	1 12 
3007	0 
3008	1 2 
3009	4 2 6 13 19 
3010	3 2 5 6 
3011	1 19 
3012	1 2 
3013	0 
3014	3 2 6 19 
3015	0 
3016	1 6 
3017	2 6 2 
3018	1 6 
3019	0 
3020	0 
3021	1 7 
3022	3 18 19 20 
3023	1 5 
3024	3 2 19 22 
3025	2 2 6 
3026	2 5 4 
3027	2 2 19 
3028	4 2 18 19 20 
3029	1 6 
3030	1 8 
3031	2 19 10 
3032	3 2 6 8 
3033	1 12 
3034	1 19 
3035	1 2 
3036	4 2 12 14 19 
3037	1 2 
3038	2 2 19 
3039	4 2 5 6 19 
3040	0 
3041	0 
3042	2 2 22 
3043	4 2 6 13 19 
3044	1 2 
3045	4 2 12 13 16 
3046	2 2 8 
3047	2 2 14 
3048	2 2 6 
3049	2 2 16 
3050	0 
3051	1 2 
3052	0 
3053	4 2 6 12 19 
3054	3 2 6 12 
3055	1 2 
3056	3 4 10 18 
3057	4 2 6 7 13 
3058	1 5 
3059	2 2 19 
3060	0 
3061	3 6 13 19 
3062	2 7 19 
3063	1 7 
3064	0 
3065	2 2 19 
3066	1 13 
3067	4 19 2 17 1 
3068	0 
3069	0 
3070	0 
3071	3 2 13 19 
3072	4 2 5 18 19 
3073	1 2 
3074	3 1 2 19 
3075	1 12 
3076	0 
3077	3 2 18 19 
3078	0 
3079	0 
3080	1 22 
3081	1 12 
3082	2 7 10 
3083	1 19 
3084	3 2 6 19 
3085	4 2 6 12 19 
3086	2 2 13 
3087	3 1 2 19 
3088	1 6 
3089	2 2 19 
3090	3 2 6 8 
3091	2 2 19 
3092	1 14 
3093	4 2 5 12 19 
3094	3 1 2 19 
3095	1 13 
3096	3 2 5 19 
3097	3 2 12 19 
3098	1 2 
3099	1 1 
3100	4 2 10 13 19 
3101	2 2 12 
3102	3 12 6 13 
3103	1 5 
3104	1 2 
3105	0 
3106	4 2 6 8 12 
3107	1 2 
3108	1 19 
3109	2 2 19 
3110	2 2 19 
3111	1 19 
3112	0 
3113	3 2 8 14 
3114	3 6 16 5 
3115	0 
3116	2 2 19 
3117	0 
3118	0 
3119	1 12 
3120	1 19 
3121	4 1 2 13 19 
3122	0 
3123	1 5 
3124	4 2 6 7 13 
3125	1 2 
3126	3 2 6 19 
3127	4 2 13 16 19 
3128	4 1 2 18 19 
3129	1 6 
3130	1 6 
3131	1 12 
3132	1 12 
3133	4 2 6 8 19 
3134	1 6 
3135	1 2 
3136	1 2 
3137	1 19 
3138	0 
3139	1 2 
3140	1 19 
3141	1 10 
3142	3 1 2 19 
3143	1 14 
3144	3 2 6 19 
3145	2 13 7 
3146	4 1 2 19 22 
3147	1 18 
3148	1 2 
3149	0 
3150	0 
3151	2 2 19 
3152	1 12 
3153	3 2 6 19 
3154	1 10 
3155	1 2 
3156	2 2 12 
3157	1 2 
3158	0 
3159	2 2 14 
3160	2 2 6 
3161	1 2 
3162	1 8 
3163	1 14 
3164	3 2 6 8 
3165	3 21 2 19 
3166	1 14 
3167	1 2 
3168	3 2 19 20 
3169	3 15 12 8 
3170	4 2 6 8 19 
3171	2 2 14 
3172	2 2 19 
3173	1 14 
3174	3 2 13 19 
3175	4 2 5 6 19 
3176	1 2 
3177	3 2 5 12 
3178	4 2 10 18 19 
3179	3 12 15 7 
3180	2 2 19 
3181	1 2 
3182	0 
3183	0 
3184	1 2 
3185	0 
3186	2 3 19 
3187	3 2 18 19 
3188	0 
3189	1 19 
3190	1 14 
3191	2 2 6 
3192	1 2 
3193	1 2 
3194	2 2 13 
3195	0 
3196	2 14 2 
3197	1 6 
3198	0 
3199	1 12 
3200	3 5 6 16 
3201	1 2 
3202	1 7 
3203	2 2 14 
3204	0 
3205	1 19 
3206	4 1 2 6 19 
3207	1 2 
3208	0 
3209	0 
3210	2 2 19 
3211	1 2 
3212	3 5 18 4 
3213	1 2 
3214	0 
3215	4 1 2 13 19 
3216	3 2 6 14 
3217	4 2 5 6 18 
3218	1 19 
3219	1 5 
3220	1 2 
3221	0 
3222	1 11 
3223	1 2 
3224	1 12 
3225	0 
3226	2 2 14 
3227	0 
3228	3 6 8 19 
3229	3 2 6 19 
3230	1 19 
3231	0 
3232	2 2 5 
3233	2 2 19 
3234	1 12 
3235	2 2 19 
3236	2 7 12 
3237	1 2 
3238	2 2 19 
3239	4 2 8 12 19 
3240	2 2 19 
3241	3 1 2 19 
3242	1 2 
3243	2 1 2 
3244	1 2 
3245	0 
3246	2 5 16 
3247	0 
3248	4 1 2 10 19 
3249	0 
3250	2 12 7 
3251	0 
3252	2 2 6 
3253	3 2 6 8 
3254	1 12 
3255	1 2 
3256	0 
3257	2 2 12 
3258	0 
3259	1 2 
3260	2 2 19 
3261	2 2 19 
3262	2 7 6 
3263	1 21 
3264	4 2 6 12 19 
3265	1 2 
3266	0 
3267	1 2 
3268	1 12 
3269	0 
3270	2 13 10 
3271	0 
3272	0 
3273	4 2 5 6 19 
3274	1 13 
3275	1 1 
3276	0 
3277	0 
3278	0 
3279	0 
3280	3 1 2 19 
3281	4 12 16 2 6 
3282	0 
3283	1 2 
3284	0 
3285	1 5 
3286	1 12 
3287	2 6 8 
3288	2 2 19 
3289	0 
3290	0 
3291	3 2 5 19 
3292	0 
3293	0 
3294	0 
3295	2 12 2 
3296	1 8 
3297	1 2 
3298	1 6 
3299	1 2 
3300	4 2 13 14 19 
3301	4 5 6 16 2 
3302	3 9 2 6 
3303	2 2 19 
3304	2 2 12 
3305	2 2 19 
3306	1 2 
3307	1 2 
3308	0 
3309	1 19 
3310	1 2 
3311	0 
3312	0 
3313	0 
3314	0 
3315	2 5 6 
3316	1 18 
3317	2 2 14 
3318	4 2 5 6 19 
3319	1 2 
3320	4 2 6 8 19 
3321	2 2 13 
3322	2 2 19 
3323	3 2 12 14 
3324	0 
3325	1 5 
3326	1 5 
3327	3 2 19 20 
3328	0 
3329	1 20 
3330	3 2 6 19 
3331	3 2 5 6 
3332	3 12 16 15 
3333	1 2 
3334	2 2 19 
3335	1 2 
3336	1 6 
3337	2 2 19 
3338	1 12 
3339	2 2 6 
3340	2 2 19 
3341	1 1 
3342	0 
3343	2 6 19 
3344	0 
3345	4 2 5 8 14 
3346	1 7 
3347	0 
3348	1 6 
3349	2 2 19 
3350	2 2 19 
3351	1 8 
3352	1 2 
3353	4 2 5 10 19 
3354	3 2 6 19 
3355	0 
3356	1 5 
3357	1 6 
3358	0 
3359	2 2 6 
3360	3 2 6 8 
3361	2 2 12 
3362	1 6 
3363	0 
3364	0 
3365	2 10 18 
3366	3 12 7 2 
3367	0 
3368	0 
3369	3 2 5 6 
3370	1 13 
3371	1 19 
3372	1 2 
3373	2 6 13 
3374	2 2 19 
3375	1 2 
3376	3 2 19 20 
3377	4 5 6 3 16 
3378	3 2 19 22 
3379	3 3 5 6 
3380	0 
3381	0 
3382	4 2 5 6 18 
3383	0 
3384	3 12 11 15 
3385	0 
3386	0 
3387	3 2 6 19 
3388	0 
3389	0 
3390	1 5 
3391	1 13 
3392	2 2 19 
3393	0 
3394	1 2 
3395	0 
3396	1 6 
3397	2 2 19 
3398	3 2 6 19 
3399	2 2 19 
3400	3 6 8 12 
3401	1 2 
3402	2 19 10 
3403	3 2 6 19 
3404	2 12 7 
3405	1 2 
3406	0 
3407	4 2 8 12 13 
3408	1 2 
3409	3 2 5 19 
3410	2 2 13 
3411	0 
3412	0 
3413	4 2 6 13 19 
3414	1 8 
3415	2 5 6 
3416	4 1 2 13 19 
3417	3 2 6 19 
3418	1 2 
3419	0 
3420	2 2 19 
3421	0 
3422	0 
3423	3 2 10 19 
3424	2 2 14 
3425	1 2 
3426	2 2 19 
3427	0 
3428	1 2 
3429	3 19 2 20 
3430	3 2 5 6 
3431	2 2 19 
3432	1 2 
3433	2 2 19 
3434	2 12 6 
3435	2 12 7 
3436	1 2 
3437	2 2 19 
3438	1 19 
3439	1 13 
3440	3 2 6 19 
3441	3 2 7 12 
3442	4 1 2 18 19 
3443	1 6 
3444	4 2 10 19 20 
3445	2 2 19 
3446	3 2 8 19 
3447	1 18 
3448	0 
3449	0 
3450	1 8 
3451	1 2 
3452	1 2 
3453	3 20 22 21 
3454	1 5 
3455	1 19 
3456	2 8 6 
3457	2 2 6 
3458	1 2 
3459	2 2 19 
3460	2 2 19 
3461	3 1 2 19 
3462	0 
3463	3 2 6 8 
3464	0 
3465	1 19 
3466	1 1 
3467	1 20 
3468	1 7 
3469	0 
3470	2 2 14 
3471	3 2 6 19 
3472	3 2 5 19 
3473	1 18 
3474	1 16 
3475	2 12 7 
3476	3 2 8 12 
3477	3 2 19 20 
3478	1 1 
3479	1 2 
3480	4 2 6 8 13 
3481	1 5 
3482	0 
3483	2 1 19 
3484	3 2 6 19 
3485	1 2 
3486	1 19 
3487	4 2 6 7 13 
3488	1 2 
3489	2 2 14 
3490	1 13 
3491	0 
3492	2 2 19 
3493	0 
3494	1 7 
3495	2 2 14 
3496	0 
3497	3 2 6 19 
3498	4 2 6 8 12 
3499	2 20 19 
3500	0 
3501	1 2 
3502	0 
3503	2 2 13 
3504	4 2 6 8 12 
3505	3 3 19 18 
3506	1 12 
3507	0 
3508	1 7 
3509	2 2 12 
3510	1 6 
3511	1 19 
3512	1 5 
3513	3 8 6 16 
3514	2 2 12 
3515	2 16 13 
3516	0 
3517	2 2 19 
3518	0 
3519	3 2 6 19 
3520	3 12 7 6 
3521	1 6 
3522	1 1 
3523	1 16 
3524	3 2 6 19 
3525	1 19 
3526	4 2 5 10 19 
3527	2 7 13 
3528	0 
3529	2 2 19 
3530	1 12 
3531	2 7 19 
3532	4 2 6 12 19 
3533	2 2 19 
3534	3 6 8 19 
3535	0 
3536	3 2 5 19 
3537	2 2 19 
3538	2 16 7 
3539	1 5 
3540	2 10 19 
3541	2 12 2 
3542	3 2 19 20 
3543	3 1 19 2 
3544	3 2 5 6 
3545	2 2 19 
3546	1 10 
3547	1 19 
3548	2 5 6 
3549	4 1 2 13 19 
3550	0 
3551	1 6 
3552	1 13 
3553	1 5 
3554	3 2 6 7 
3555	4 12 8 7 6 
3556	0 
3557	3 5 6 2 
3558	1 19 
3559	3 2 6 7 
3560	0 
3561	0 
3562	0 
3563	2 2 13 
3564	0 
3565	2 6 12 
3566	2 2 19 
3567	1 2 
3568	2 6 8 
3569	2 2 13 
3570	1 14 
3571	2 2 12 
3572	3 2 13 19 
3573	2 2 12 
3574	0 
3575	2 2 18 
3576	1 19 
3577	1 18 
3578	2 2 19 
3579	1 19 
3580	1 2 
3581	0 
3582	1 5 
3583	2 2 14 
3584	2 2 19 
3585	1 12 
3586	2 2 19 
3587	0 
3588	0 
3589	2 2 19 
3590	4 2 19 20 21 
3591	1 8 
3592	1 1 
3593	3 2 13 19 
3594	3 2 6 19 
3595	0 
3596	1 19 
3597	1 2 
3598	2 5 6 
3599	0 
3600	0 
3601	3 2 6 7 
3602	1 2 
3603	0 
3604	3 2 19 22 
3605	3 2 10 19 
3606	2 2 6 
3607	1 3 
3608	0 
3609	1 5 
3610	1 2 
3611	1 13 
3612	1 2 
3613	1 2 
3614	4 2 7 12 19 
3615	1 19 
3616	1 2 
3617	2 2 13 
3618	1 8 
3619	2 2 14 
3620	0 
3621	1 2 
3622	2 2 19 
3623	2 2 6 
3624	3 2 13 19 
3625	2 2 6 
3626	4 2 5 6 19 
3627	0 
3628	4 2 5 6 12 
3629	1 2 
3630	0 
3631	0 
3632	1 1 
3633	0 
3634	1 19 
3635	0 
3636	1 6 
3637	4 2 5 18 19 
3638	1 7 
3639	2 2 19 
3640	3 1 2 19 
3641	3 1 2 19 
3642	1 2 
3643	2 19 7 
3644	4 2 6 13 19 
3645	0 
3646	4 2 6 8 19 
3647	0 
3648	2 19 20 
3649	1 2 
3650	2 20 19 
3651	1 5 
3652	2 7 6 
3653	2 2 19 
3654	1 5 
3655	2 2 12 
3656	1 19 
3657	3 1 2 19 
3658	2 2 19 
3659	0 
3660	0 
3661	1 12 
3662	1 6 
3663	2 22 21 
3664	4 5 6 2 16 
3665	0 
3666	2 2 19 
3667	1 6 
3668	3 2 10 19 
3669	0 
3670	2 5 6 
3671	2 2 6 
3672	2 2 6 
3673	3 5 6 13 
3674	0 
3675	1 19 
3676	0 
3677	4 2 6 13 22 
3678	4 2 6 12 19 
3679	0 
3680	2 2 12 
3681	0 
3682	2 2 6 
3683	0 
3684	2 12 8 
3685	1 7 
3686	1 7 
3687	2 8 6 
3688	1 13 
3689	0 
3690	2 2 12 
3691	2 2 19 
3692	3 5 6 2 
3693	1 7 
3694	3 12 7 6 
3695	1 19 
3696	2 2 19 
3697	1 2 
3698	2 2 19 
3699	1 2 
3700	4 2 5 6 18 
3701	0 
3702	4 2 10 18 19 
3703	1 19 
3704	1 19 
3705	1 6 
3706	0 
3707	0 
3708	2 2 19 
3709	1 2 
3710	1 8 
3711	0 
3712	1 18 
3713	0 
3714	0 
3715	0 
3716	2 2 6 
3717	3 2 13 19 
3718	3 1 2 19 
3719	2 12 7 
3720	1 7 
3721	1 12 
3722	1 2 
3723	1 19 
3724	2 2 19 
3725	0 
3726	1 12 
3727	1 2 
3728	3 2 6 8 
3729	2 2 22 
3730	4 2 5 6 18 
3731	4 2 6 8 12 
3732	0 
3733	4 2 4 6 19 
3734	0 
3735	1 7 
3736	2 2 22 
3737	1 19 
3738	1 1 
3739	1 6 
3740	1 2 
3741	2 2 6 
3742	1 2 
3743	1 2 
3744	1 19 
3745	0 
3746	1 19 
3747	1 2 
3748	3 2 19 22 
3749	0 
3750	2 2 19 
3751	3 2 6 7 
3752	1 19 
3753	3 2 10 19 
3754	2 12 16 
3755	3 1 2 19 
3756	2 2 19 
3757	1 12 
3758	4 12 7 6 2 
3759	2 2 19 
3760	2 19 20 
3761	2 2 19 
3762	2 2 19 
3763	3 1 19 2 
3764	2 7 6 
3765	2 2 19 
3766	1 14 
3767	1 14 
3768	1 2 
3769	1 5 
3770	3 19 20 10 
3771	2 2 12 
3772	2 2 20 
3773	3 2 13 19 
3774	2 2 19 
3775	2 2 19 
3776	4 2 6 8 13 
3777	2 13 2 
3778	1 10 
3779	1 2 
3780	4 5 6 2 16 
3781	2 5 6 
3782	1 7 
3783	1 7 
3784	2 6 16 
3785	1 2 
3786	4 2 6 8 13 
3787	1 5 
3788	3 2 6 13 
3789	1 12 
3790	1 2 
3791	1 2 
3792	1 19 
3793	2 9 7 
3794	0 
3795	0 
3796	0 
3797	1 16 
3798	4 2 5 6 18 
3799	0 
3800	1 2 
3801	4 2 5 6 18 
3802	4 2 6 10 19 
3803	1 18 
3804	4 2 3 13 19 
3805	3 2 12 14 
3806	1 12 
3807	1 2 
3808	1 12 
3809	4 5 6 7 19 
3810	0 
3811	3 5 6 13 
3812	2 2 19 
3813	1 19 
3814	1 5 
3815	0 
3816	2 2 19 
3817	1 8 
3818	3 2 5 6 
3819	3 2 13 19 
3820	0 
3821	1 6 
3822	2 2 19 
3823	2 2 6 
3824	4 2 6 8 12 
3825	1 19 
3826	1 2 
3827	1 6 
3828	1 13 
3829	0 
3830	2 2 10 
3831	0 
3832	2 12 6 
3833	1 12 
3834	1 7 
3835	4 2 12 13 19 
3836	2 12 16 
3837	1 19 
3838	1 12 
3839	3 2 13 19 
3840	2 2 19 
3841	4 2 6 13 19 
3842	2 2 19 
3843	1 18 
3844	1 12 
3845	1 13 
3846	1 2 
3847	2 2 19 
3848	2 2 6 
3849	2 2 13 
3850	2 12 6 
3851	1 13 
3852	2 2 19 
3853	1 9 
3854	2 2 19 
3855	2 2 6 
3856	1 2 
3857	3 5 6 16 
3858	3 1 2 19 
3859	1 18 
3860	1 11 
3861	4 2 5 6 19 
3862	2 2 12 
3863	0 
3864	1 19 
3865	3 2 6 13 
3866	1 12 
3867	1 12 
3868	1 13 
3869	2 2 19 
3870	4 2 12 13 19 
3871	0 
3872	0 
3873	1 2 
3874	2 19 20 
3875	2 1 2 
3876	2 19 2 
3877	2 2 19 
3878	1 22 
3879	4 2 5 6 12 
3880	1 12 
3881	4 2 13 18 19 
3882	1 2 
3883	3 12 2 13 
3884	2 2 19 
3885	1 6 
3886	1 2 
3887	2 2 19 
3888	1 2 
3889	1 2 
3890	0 
3891	2 2 5 
3892	2 13 8 
3893	4 2 6 8 19 
3894	2 17 14 
3895	0 
3896	3 12 16 2 
3897	1 1 
3898	3 19 20 10 
3899	0 
3900	1 5 
3901	2 2 19 
3902	1 18 
3903	0 
3904	2 2 6 
3905	4 2 8 12 13 
3906	0 
3907	1 7 
3908	0 
3909	1 6 
3910	0 
3911	0 
3912	4 2 6 8 19 
3913	1 12 
3914	1 2 
3915	4 2 5 6 12 
3916	1 19 
3917	4 2 6 8 12 
3918	3 1 2 19 
3919	1 19 
3920	4 2 6 12 19 
3921	0 
3922	1 7 
3923	0 
3924	0 
3925	0 
3926	3 2 6 19 
3927	1 2 
3928	3 2 6 7 
3929	3 1 2 19 
3930	2 5 6 
3931	1 2 
3932	3 2 19 22 
3933	1 2 
3934	0 
3935	3 2 5 12 
3936	2 2 6 
3937	2 2 19 
3938	1 2 
3939	3 2 19 20 
3940	0 
3941	2 5 19 
3942	3 5 16 6 
3943	2 12 8 
3944	1 6 
3945	1 19 
3946	1 2 
3947	3 2 12 16 
3948	2 2 6 
3949	1 17 
3950	1 13 
3951	2 5 6 
3952	1 2 
3953	3 2 6 12 
3954	1 22 
3955	3 2 19 22 
3956	1 2 
3957	1 13 
3958	0 
3959	0 
3960	4 2 6 12 13 
3961	2 2 19 
3962	1 2 
3963	3 2 6 12 
3964	0 
3965	4 6 8 10 13 
3966	2 5 6 
3967	2 5 6 
3968	1 14 
3969	1 6 
3970	1 19 
3971	1 2 
3972	1 2 
3973	2 2 6 
3974	4 1 2 13 19 
3975	4 2 6 7 12 
3976	0 
3977	0 
3978	1 18 
3979	2 12 7 
3980	1 2 
3981	3 6 7 8 
3982	4 2 6 12 16 
3983	1 16 
3984	3 2 6 8 
3985	1 6 
3986	3 2 6 18 
3987	2 2 7 
3988	2 22 20 
3989	1 2 
3990	3 5 18 2 
3991	1 2 
3992	2 2 19 
3993	1 19 
3994	3 2 6 8 
3995	3 2 6 12 
3996	4 1 2 12 19 
3997	1 2 
3998	0 
3999	1 2 
4000	1 12 
4001	3 1 2 19 
4002	1 2 
4003	0 
4004	0 
4005	1 5 
4006	2 17 19 
4007	3 1 2 19 
4008	3 2 8 14 
4009	1 19 
4010	4 2 6 13 19 
4011	0 
4012	1 2 
4013	0 
4014	2 2 6 
4015	2 12 19 
4016	2 2 19 
4017	0 
4018	0 
4019	0 
4020	0 
4021	1 5 
4022	3 1 2 19 
4023	1 2 
4024	0 
4025	1 2 
4026	2 1 19 
4027	4 2 5 6 19 
4028	1 2 
4029	0 
4030	2 1 19 
4031	3 12 7 8 
4032	2 2 5 
4033	4 1 2 19 20 
4034	1 5 
4035	1 5 
4036	1 19 
4037	2 12 13 
4038	1 19 
4039	2 2 19 
4040	1 12 
4041	1 7 
4042	0 
4043	2 12 7 
4044	2 9 10 
4045	1 2 
4046	1 19 
4047	2 5 6 
4048	2 12 6 
4049	3 5 6 18 
4050	3 5 6 18 
4051	2 2 14 
4052	0 
4053	2 2 19 
4054	2 5 6 
4055	0 
4056	2 2 19 
4057	1 19 
4058	4 2 5 6 16 
4059	2 2 19 
4060	2 12 8 
4061	1 5 
4062	2 2 19 
4063	2 12 16 
4064	2 2 19 
4065	1 19 
4066	1 2 
4067	1 6 
4068	4 2 5 6 12 
4069	4 2 6 8 19 
4070	1 17 
4071	1 2 
4072	4 2 8 12 13 
4073	2 2 19 
4074	0 
4075	1 5 
4076	1 12 
4077	1 6 
4078	2 16 5 
4079	2 19 20 
4080	2 2 19 
4081	2 2 19 
4082	3 2 6 8 
4083	1 19 
4084	1 2 
4085	2 22 2 
4086	2 1 19 
4087	2 2 5 
4088	3 1 2 19 
4089	1 13 
4090	1 5 
4091	0 
4092	1 2 
4093	2 2 19 
4094	0 
4095	2 5 6 
4096	3 5 6 16 
4097	1 2 
4098	0 
4099	0 
4100	1 2 
4101	3 2 6 12 
4102	4 2 6 13 19 
4103	1 7 
4104	2 2 19 
4105	1 2 
4106	2 2 12 
4107	1 12 
4108	4 2 6 8 19 
4109	1 6 
4110	1 19 
4111	1 1 
4112	1 5 
4113	2 2 6 
4114	3 5 16 6 
4115	0 
4116	1 5 
4117	1 2 
4118	3 1 2 19 
4119	1 5 
4120	1 1 
4121	0 
4122	2 2 19 
4123	2 12 7 
4124	1 2 
4125	2 2 19 
4126	0 
4127	0 
4128	1 19 
4129	2 2 19 
4130	0 
4131	1 2 
4132	0 
4133	1 5 
4134	1 19 
4135	1 2 
4136	3 2 6 8 
4137	4 2 6 16 19 
4138	2 2 19 
4139	0 
4140	1 2 
4141	0 
4142	2 2 19 
4143	1 12 
4144	3 2 13 19 
4145	0 
4146	3 22 20 21 
4147	1 5 
4148	3 2 6 12 
4149	3 2 14 19 
4150	3 2 13 19 
4151	2 2 14 
4152	0 
4153	2 2 19 
4154	1 2 
4155	1 1 
4156	2 2 19 
4157	4 2 6 12 19 
4158	4 1 2 12 19 
4159	1 6 
4160	2 5 6 
4161	0 
4162	1 18 
4163	2 2 12 
4164	2 2 6 
4165	0 
4166	1 2 
4167	1 20 
4168	3 2 13 19 
4169	1 5 
4170	1 1 
4171	3 2 6 16 
4172	0 
4173	1 5 
4174	0 
4175	0 
4176	1 2 
4177	1 18 
4178	3 1 2 19 
4179	4 2 5 6 13 
4180	0 
4181	1 12 
4182	0 
4183	2 5 6 
4184	2 2 6 
4185	1 12 
4186	0 
4187	1 2 
4188	2 5 16 
4189	2 5 6 
4190	2 2 6 
4191	2 2 22 
4192	1 7 
4193	1 5 
4194	1 5 
4195	1 19 
4196	4 2 5 6 13 
4197	2 2 19 
4198	1 10 
4199	3 2 6 19 
4200	2 2 19 
4201	1 19 
4202	1 2 
4203	1 2 
4204	1 18 
4205	2 2 19 
4206	0 
4207	3 2 19 20 
4208	1 2 
4209	2 2 12 
4210	0 
4211	0 
4212	1 6 
4213	3 19 2 20 
4214	2 2 19 
4215	1 2 
4216	1 19 
4217	3 2 6 8 
4218	2 2 5 
4219	1 18 
4220	2 3 19 
4221	3 2 12 19 
4222	0 
4223	1 8 
4224	2 2 6 
4225	1 2 
4226	3 2 6 14 
4227	1 2 
4228	0 
4229	0 
4230	2 2 19 
4231	3 1 2 19 
4232	0 
4233	1 14 
4234	1 1 
4235	3 2 12 19 
4236	3 16 15 6 
4237	1 19 
4238	1 6 
4239	2 2 19 
4240	1 1 
4241	4 2 6 19 20 
4242	1 13 
4243	3 2 22 1 
4244	2 6 12 
4245	3 18 5 16 
4246	4 1 2 12 19 
4247	2 2 13 
4248	3 2 12 19 
4249	1 13 
4250	1 2 
4251	4 1 2 13 19 
4252	3 2 5 19 
4253	0 
4254	3 2 6 8 
4255	1 19 
4256	1 2 
4257	0 
4258	4 5 16 6 12 
4259	1 12 
4260	4 2 12 13 19 
4261	4 2 6 10 12 
4262	2 2 5 
4263	0 
4264	1 19 
4265	2 2 5 
4266	3 19 20 21 
4267	1 12 
4268	2 2 19 
4269	2 5 6 
4270	2 2 12 
4271	1 20 
4272	2 2 6 
4273	1 19 
4274	2 2 8 
4275	2 12 7 
4276	0 
4277	0 
4278	3 11 15 2 
4279	4 2 6 8 19 
4280	2 2 19 
4281	2 2 19 
4282	0 
4283	1 2 
4284	3 2 8 13 
4285	1 19 
4286	2 2 22 
4287	3 2 6 19 
4288	4 1 2 19 20 
4289	3 2 10 19 
4290	2 2 19 
4291	2 2 6 
4292	1 19 
4293	2 12 7 
4294	1 2 
4295	0 
4296	3 2 13 19 
4297	2 2 6 
4298	4 2 6 8 14 
4299	4 1 2 19 20 
4300	0 
4301	3 1 2 19 
4302	0 
4303	0 
4304	1 19 
4305	3 2 13 19 
4306	3 5 18 2 
4307	3 2 5 6 
4308	0 
4309	2 2 19 
4310	3 2 18 19 
4311	2 19 20 
4312	1 14 
4313	1 2 
4314	0 
4315	3 2 6 8 
4316	3 19 18 2 
4317	2 2 19 
4318	0 
4319	2 2 19 
4320	2 12 2 
4321	1 5 
4322	1 19 
4323	0 
4324	1 2 
4325	2 2 6 
4326	2 2 19 
4327	3 2 18 19 
4328	0 
4329	4 1 2 6 19 
4330	0 
4331	3 2 6 19 
4332	4 2 19 21 22 
4333	1 2 
4334	1 18 
4335	3 1 2 19 
4336	2 2 13 
4337	1 10 
4338	1 19 
4339	1 2 
4340	0 
4341	0 
4342	2 2 6 
4343	0 
4344	2 2 6 
4345	3 6 8 12 
4346	2 2 19 
4347	3 18 5 19 
4348	2 12 6 
4349	4 2 5 6 19 
4350	4 1 2 19 21 
4351	0 
4352	4 2 6 8 12 
4353	2 2 19 
4354	2 12 16 
4355	2 12 6 
4356	1 12 
4357	1 2 
4358	3 1 2 19 
4359	0 
4360	1 2 
4361	0 
4362	1 2 
4363	0 
4364	2 2 19 
4365	1 19 
4366	3 12 9 10 
4367	3 2 5 6 
4368	4 2 5 12 19 
4369	4 2 6 10 19 
4370	3 5 6 2 
4371	4 2 6 8 12 
4372	2 2 12 
4373	3 1 2 19 
4374	1 1 
4375	0 
4376	4 2 8 10 19 
4377	1 6 
4378	1 2 
4379	3 2 6 8 
4380	3 19 1 20 
4381	3 2 6 12 
4382	0 
4383	1 12 
4384	2 2 19 
4385	3 2 19 20 
4386	3 2 13 19 
4387	1 2 
4388	2 5 13 
4389	4 1 2 13 19 
4390	4 2 4 13 19 
4391	0 
4392	0 
4393	1 6 
4394	3 2 6 19 
4395	0 
4396	0 
4397	3 22 2 13 
4398	1 19 
4399	3 2 6 19 
4400	2 2 17 
4401	3 2 13 19 
4402	0 
4403	1 12 
4404	3 2 6 8 
4405	3 2 6 8 
4406	0 
4407	3 1 2 19 
4408	1 7 
4409	0 
4410	1 2 
4411	2 2 13 
4412	3 2 6 12 
4413	1 12 
4414	1 2 
4415	3 1 2 19 
4416	2 2 6 
4417	0 
4418	0 
4419	4 1 2 19 20 
4420	1 2 
4421	1 5 
4422	0 
4423	0 
4424	1 12 
4425	2 19 17 
4426	1 12 
4427	3 2 6 19 
4428	2 16 5 
4429	4 1 2 17 19 
4430	1 2 
4431	1 5 
4432	3 2 13 19 
4433	0 
4434	0 
4435	3 2 5 19 
4436	3 12 7 6 
4437	1 19 
4438	1 19 
4439	1 2 
4440	3 5 6 16 
4441	1 12 
4442	1 10 
4443	1 5 
4444	0 
4445	1 12 
4446	0 
4447	1 5 
4448	1 10 
4449	1 20 
4450	3 1 19 2 
4451	3 2 6 19 
4452	4 2 6 7 12 
4453	1 2 
4454	3 2 13 19 
4455	3 2 6 19 
4456	2 2 5 
4457	1 5 
4458	2 5 6 
4459	4 2 5 12 13 
4460	3 1 2 19 
4461	3 2 5 6 
4462	1 19 
4463	1 1 
4464	3 2 6 8 
4465	0 
4466	0 
4467	0 
4468	4 1 2 18 19 
4469	4 2 6 7 19 
4470	2 5 18 
4471	3 2 5 19 
4472	0 
4473	4 2 19 20 21 
4474	3 2 8 12 
4475	0 
4476	0 
4477	2 2 19 
4478	2 19 20 
4479	1 19 
4480	1 19 
4481	3 2 5 6 
4482	3 2 6 19 
4483	4 2 5 6 19 
4484	0 
4485	2 2 19 
4486	4 2 8 12 13 
4487	3 2 6 12 
4488	2 2 19 
4489	1 2 
4490	1 19 
4491	3 2 6 8 
4492	2 2 13 
4493	2 2 19 
4494	0 
4495	1 19 
4496	0 
4497	1 2 
4498	3 1 2 19 
4499	3 2 6 13 
4500	2 2 19 
4501	0 
4502	1 12 
4503	3 1 2 19 
4504	0 
4505	3 2 13 19 
4506	1 18 
4507	1 19 
4508	1 19 
4509	0 
4510	1 2 
4511	0 
4512	2 2 19 
4513	1 8 
4514	0 
4515	0 
4516	2 2 6 
4517	1 6 
4518	4 2 6 8 19 
4519	1 6 
4520	2 2 19 
4521	2 2 19 
4522	2 2 12 
4523	2 19 10 
4524	3 2 5 6 
4525	4 2 6 13 19 
4526	1 5 
4527	2 2 19 
4528	0 
4529	1 19 
4530	4 2 6 8 12 
4531	1 2 
4532	3 2 6 19 
4533	1 11 
4534	2 2 12 
4535	3 2 5 22 
4536	2 2 19 
4537	4 7 9 6 2 
4538	2 2 19 
4539	3 14 2 6 
4540	2 2 19 
4541	1 22 
4542	0 
4543	1 5 
4544	3 2 5 19 
4545	0 
4546	1 8 
4547	2 2 6 
4548	3 2 19 22 
4549	1 5 
4550	1 2 
4551	1 6 
4552	1 2 
4553	4 2 5 6 19 
4554	3 2 13 19 
4555	0 
4556	1 5 
4557	1 6 
4558	4 6 5 16 2 
4559	1 2 
4560	4 2 13 18 19 
4561	0 
4562	3 2 10 19 
4563	3 2 14 19 
4564	1 12 
4565	1 19 
4566	1 2 
4567	3 2 13 19 
4568	2 2 22 
4569	1 19 
4570	4 5 6 2 16 
4571	4 2 13 19 20 
4572	2 20 19 
4573	2 2 19 
4574	1 5 
4575	1 19 
4576	3 5 16 18 
4577	3 12 18 19 
4578	3 2 5 6 
4579	1 6 
4580	0 
4581	1 2 
4582	1 2 
4583	3 1 2 19 
4584	0 
4585	3 6 7 11 
4586	0 
4587	2 2 19 
4588	2 1 19 
4589	1 1 
4590	1 15 
4591	2 5 6 
4592	0 
4593	2 2 6 
4594	0 
4595	4 1 2 10 19 
4596	4 2 5 18 19 
4597	3 1 2 19 
4598	3 1 2 19 
4599	1 1 
4600	2 2 19 
4601	4 2 6 8 19 
4602	2 2 19 
4603	3 5 18 2 
4604	1 2 
4605	2 6 8 
4606	0 
4607	1 2 
4608	3 5 6 3 
4609	1 13 
4610	2 12 11 
4611	1 8 
4612	2 2 19 
4613	4 2 6 8 19 
4614	1 5 
4615	2 2 13 
4616	3 2 5 6 
4617	2 2 19 
4618	0 
4619	1 2 
4620	1 19 
4621	0 
4622	1 2 
4623	1 5 
4624	0 
4625	1 6 
4626	2 2 19 
4627	1 2 
4628	0 
4629	4 2 5 18 19 
4630	3 19 10 20 
4631	1 12 
4632	3 2 6 12 
4633	2 2 19 
4634	3 2 6 19 
4635	4 2 6 8 19 
4636	2 2 6 
4637	1 2 
4638	1 19 
4639	1 1 
4640	2 19 10 
4641	2 2 19 
4642	2 5 6 
4643	0 
4644	0 
4645	3 2 13 19 
4646	3 19 1 2 
4647	3 2 6 12 
4648	0 
4649	3 2 6 19 
4650	1 19 
4651	1 18 
4652	1 2 
4653	1 16 
4654	0 
4655	1 6 
4656	1 5 
4657	1 1 
4658	2 2 6 
4659	2 2 19 
4660	3 2 5 6 
4661	2 2 6 
4662	3 1 2 19 
4663	4 2 6 7 13 
4664	3 1 2 19 
4665	2 12 5 
4666	1 10 
4667	1 7 
4668	2 2 19 
4669	3 1 2 19 
4670	2 2 19 
4671	1 12 
4672	0 
4673	0 
4674	1 12 
4675	1 6 
4676	1 13 
4677	3 2 6 8 
4678	3 1 2 19 
4679	3 2 12 19 
4680	1 13 
4681	1 13 
4682	3 2 18 19 
4683	0 
4684	1 18 
4685	0 
4686	2 2 19 
4687	1 14 
4688	0 
4689	1 5 
4690	2 2 1 
4691	0 
4692	1 19 
4693	1 2 
4694	4 2 6 8 19 
4695	2 7 6 
4696	1 12 
4697	3 2 6 18 
4698	1 6 
4699	0 
4700	4 2 6 8 19 
4701	2 2 21 
4702	4 2 6 13 19 
4703	1 6 
4704	3 12 7 2 
4705	2 2 19 
4706	1 2 
4707	0 
4708	2 2 19 
4709	1 2 
4710	1 2 
4711	2 2 19 
4712	1 12 
4713	4 1 2 3 19 
4714	2 6 7 
4715	4 2 5 11 12 
4716	3 1 2 19 
4717	4 1 2 5 19 
4718	2 2 19 
4719	1 2 
4720	3 2 5 6 
4721	3 2 6 13 
4722	2 5 10 
4723	1 8 
4724	2 19 20 
4725	4 2 5 18 19 
4726	1 2 
4727	0 
4728	2 2 19 
4729	0 
4730	1 16 
4731	1 1 
4732	0 
4733	2 7 12 
4734	3 7 11 6 
4735	4 2 5 6 13 
4736	1 19 
4737	1 2 
4738	2 2 13 
4739	4 1 2 13 19 
4740	0 
4741	1 2 
4742	1 2 
4743	2 2 19 
4744	2 12 7 
4745	1 19 
4746	4 1 2 6 19 
4747	2 2 19 
4748	3 1 2 19 
4749	1 1 
4750	2 1 19 
4751	1 2 
4752	2 2 19 
4753	2 2 19 
4754	2 2 19 
4755	3 2 6 13 
4756	2 2 6 
4757	1 12 
4758	4 2 6 8 12 
4759	1 19 
4760	2 12 6 
4761	1 10 
4762	3 2 19 20 
4763	0 
4764	3 11 7 12 
4765	0 
4766	0 
4767	4 2 12 13 19 
4768	2 2 19 
4769	2 6 19 
4770	2 2 19 
4771	1 7 
4772	1 17 
4773	0 
4774	2 2 19 
4775	1 3 
4776	4 2 6 8 19 
4777	3 2 7 19 
4778	4 2 6 8 19 
4779	1 2 
4780	1 7 
4781	4 1 2 6 19 
4782	0 
4783	1 16 
4784	0 
4785	1 9 
4786	1 12 
4787	1 13 
4788	2 2 6 
4789	1 12 
4790	2 2 19 
4791	3 2 13 19 
4792	1 19 
4793	2 2 19 
4794	2 2 19 
4795	3 2 6 19 
4796	3 2 6 8 
4797	3 1 2 19 
4798	3 2 5 19 
4799	3 2 6 19 
4800	2 2 19 
4801	1 2 
4802	1 19 
4803	1 18 
4804	0 
4805	2 12 7 
4806	1 19 
4807	1 13 
4808	2 2 19 
4809	4 2 6 8 12 
4810	3 2 19 20 
4811	2 2 18 
4812	1 19 
4813	1 6 
4814	1 2 
4815	0 
4816	3 2 12 13 
4817	2 19 20 
4818	3 2 12 19 
4819	2 2 19 
4820	1 2 
4821	0 
4822	4 2 6 8 13 
4823	0 
4824	2 2 6 
4825	2 2 19 
4826	3 2 13 18 
4827	2 19 21 
4828	1 2 
4829	0 
4830	4 2 5 18 19 
4831	1 12 
4832	0 
4833	3 1 2 19 
4834	2 12 7 
4835	0 
4836	1 7 
4837	2 2 19 
4838	1 2 
4839	1 19 
4840	0 
4841	2 2 13 
4842	0 
4843	1 2 
4844	1 2 
4845	1 21 
4846	0 
4847	2 19 1 
4848	0 
4849	1 19 
4850	0 
4851	3 2 19 20 
4852	1 2 
4853	2 12 16 
4854	3 12 16 15 
4855	0 
4856	4 2 6 8 19 
4857	0 
4858	2 2 19 
4859	2 2 19 
4860	1 7 
4861	0 
4862	0 
4863	2 2 19 
4864	1 2 
4865	3 2 18 19 
4866	3 2 6 8 
4867	0 
4868	0 
4869	3 2 5 12 
4870	2 7 6 
4871	2 2 19 
4872	3 1 2 19 
4873	1 6 
4874	2 16 13 
4875	1 13 
4876	1 5 
4877	4 2 12 13 19 
4878	4 2 5 6 19 
4879	3 5 6 16 
4880	1 19 
4881	4 2 4 5 13 
4882	1 5 
4883	2 2 19 
4884	3 1 2 19 
4885	0 
4886	1 19 
4887	1 5 
4888	4 2 5 6 13 
4889	3 2 10 19 
4890	0 
4891	3 1 2 19 
4892	2 2 8 
4893	4 2 5 6 16 
4894	4 12 13 16 19 
4895	4 5 6 13 19 
4896	2 2 19 
4897	0 
4898	4 2 5 6 19 
4899	4 2 6 12 19 
4900	2 2 19 
4901	1 2 
4902	3 1 2 19 
4903	2 12 7 
4904	4 2 6 7 8 
4905	4 2 6 8 19 
4906	1 2 
4907	3 1 2 19 
4908	0 
4909	2 5 2 
4910	3 1 2 19 
4911	2 2 19 
4912	4 2 7 13 19 
4913	4 2 6 7 8 
4914	2 2 19 
4915	1 5 
4916	3 2 7 12 
4917	4 2 6 10 19 
4918	1 8 
4919	0 
4920	1 2 
4921	4 2 6 8 19 
4922	1 12 
4923	2 15 13 
4924	4 2 6 8 12 
4925	2 2 19 
4926	3 1 2 19 
4927	1 2 
4928	3 2 6 12 
4929	3 2 6 8 
4930	1 2 
4931	1 1 
4932	0 
4933	1 19 
4934	4 2 6 8 13 
4935	2 2 6 
4936	0 
4937	0 
4938	2 13 8 
4939	4 2 6 13 19 
4940	2 2 19 
4941	4 2 6 12 19 
4942	1 2 
4943	4 2 5 6 13 
4944	0 
4945	0 
4946	1 2 
4947	0 
4948	1 4 
4949	0 
4950	1 6 
4951	4 2 6 12 19 
4952	2 2 5 
4953	1 1 
4954	3 1 2 19 
4955	0 
4956	2 2 19 
4957	1 5 
4958	1 4 
4959	3 2 5 6 
4960	4 2 6 7 8 
4961	2 2 19 
4962	1 2 
4963	2 2 19 
4964	4 1 2 6 19 
4965	3 2 13 19 
4966	0 
4967	3 20 19 2 
4968	2 2 19 
4969	4 2 6 7 19 
4970	0 
4971	1 12 
4972	1 2 
4973	3 1 2 19 
4974	2 2 5 
4975	2 5 6 
4976	4 1 2 13 19 
4977	2 2 6 
4978	2 12 9 
4979	0 
4980	3 2 6 8 
4981	0 
4982	2 2 6 
4983	0 
4984	3 2 6 8 
4985	0 
4986	2 7 6 
4987	3 2 6 8 
4988	2 2 8 
4989	1 13 
4990	0 
4991	3 10 12 13 
4992	1 19 
4993	0 
4994	3 2 6 8 
4995	2 2 6 
4996	3 2 13 19 
4997	3 12 16 8 
4998	3 2 13 19 
4999	1 4 
5000	3 2 6 19 
5001	0 
5002	1 19 
5003	3 8 6 12 
5004	0 
5005	0 
5006	4 2 6 13 19 
5007	0 
5008	1 14 
5009	0 
5010	3 2 10 13 
5011	2 18 19 
5012	3 2 6 12 
5013	1 12 
5014	2 17 16 
5015	0 
5016	2 2 19 
5017	1 8 
5018	4 2 6 13 19 
5019	1 6 
5020	0 
5021	1 12 
5022	1 2 
5023	3 10 18 19 
5024	3 2 6 14 
5025	0 
5026	1 13 
5027	0 
5028	2 2 12 
5029	1 2 
5030	1 5 
5031	2 2 19 
5032	1 2 
5033	1 2 
5034	1 2 
5035	2 2 14 
5036	2 2 19 
5037	0 
5038	0 
5039	0 
5040	0 
5041	0 
5042	1 2 
5043	2 2 6 
5044	1 2 
5045	1 2 
5046	3 2 9 7 
5047	2 2 19 
5048	2 2 14 
5049	0 
5050	1 14 
5051	1 2 
5052	1 14 
5053	1 2 
5054	3 1 2 19 
5055	1 7 
5056	0 
5057	1 19 
5058	0 
5059	2 2 6 
5060	3 2 5 6 
5061	3 2 13 16 
5062	2 2 19 
5063	2 2 14 
5064	3 2 6 12 
5065	4 2 5 6 19 
5066	0 
5067	0 
5068	2 18 5 
5069	1 2 
5070	2 2 6 
5071	0 
5072	2 13 7 
5073	2 2 19 
5074	1 12 
5075	3 2 12 19 
5076	0 
5077	3 2 8 14 
5078	1 2 
5079	2 2 14 
5080	1 2 
5081	1 14 
5082	1 12 
5083	1 2 
5084	2 2 19 
5085	2 2 5 
5086	3 2 6 8 
5087	3 2 6 13 
5088	0 
5089	1 5 
5090	0 
5091	1 2 
5092	0 
5093	1 2 
5094	1 17 
5095	0 
5096	2 2 19 
5097	3 12 7 8 
5098	2 2 19 
5099	1 19 
5100	0 
5101	0 
5102	0 
5103	1 5 
5104	3 2 6 13 
5105	0 
5106	2 2 13 
5107	0 
5108	3 2 6 8 
5109	2 2 19 
5110	0 
5111	4 2 6 8 19 
5112	0 
5113	1 19 
5114	1 2 
5115	3 2 17 19 
5116	1 2 
5117	0 
5118	2 2 6 
5119	1 11 
5120	0 
5121	2 2 14 
5122	1 2 
5123	3 2 8 12 
5124	1 2 
5125	3 1 2 19 
5126	1 12 
5127	1 7 
5128	4 2 6 8 13 
5129	2 2 19 
5130	3 2 6 19 
5131	1 2 
5132	0 
5133	0 
5134	2 2 19 
5135	4 1 2 6 19 
5136	1 2 
5137	3 2 13 19 
5138	2 13 10 
5139	4 2 12 14 19 
5140	3 16 8 13 
5141	1 7 
5142	2 2 6 
5143	3 2 6 7 
5144	2 12 7 
5145	4 22 21 2 20 
5146	4 2 5 6 19 
5147	1 2 
5148	1 2 
5149	1 2 
5150	2 2 13 
5151	1 2 
5152	1 14 
5153	1 2 
5154	3 2 6 19 
5155	1 14 
5156	1 20 
5157	1 2 
5158	3 1 2 19 
5159	2 2 14 
5160	3 2 6 19 
5161	1 2 
5162	1 6 
5163	1 14 
5164	2 2 19 
5165	0 
5166	2 2 19 
5167	1 14 
5168	1 19 
5169	1 2 
5170	1 7 
5171	0 
5172	3 1 2 19 
5173	3 2 12 13 
5174	2 2 19 
5175	0 
5176	1 19 
5177	1 6 
5178	1 7 
5179	1 5 
5180	1 19 
5181	2 10 18 
5182	0 
5183	1 2 
5184	3 1 2 19 
5185	0 
5186	0 
5187	0 
5188	1 2 
5189	3 2 13 19 
5190	0 
5191	3 2 13 19 
5192	2 2 19 
5193	3 2 6 19 
5194	0 
5195	2 13 12 
5196	4 2 8 10 19 
5197	1 2 
5198	1 2 
5199	1 12 
5200	0 
5201	4 2 6 8 19 
5202	1 2 
5203	3 1 2 19 
5204	0 
5205	0 
5206	0 
5207	0 
5208	1 13 
5209	4 2 10 13 19 
5210	1 14 
5211	1 2 
5212	2 2 19 
5213	2 2 14 
5214	1 2 
5215	1 6 
5216	4 2 6 14 19 
5217	4 2 6 13 14 
5218	0 
5219	0 
5220	0 
5221	2 2 14 
5222	0 
5223	0 
5224	2 2 6 
5225	4 19 2 20 22 
5226	1 2 
5227	2 2 19 
5228	0 
5229	4 14 12 2 13 
5230	1 2 
5231	2 19 1 
5232	2 5 6 
5233	0 
5234	1 2 
5235	2 2 18 
5236	1 18 
5237	1 18 
5238	0 
5239	0 
5240	0 
5241	3 2 18 19 
5242	2 2 19 
5243	4 2 13 18 19 
5244	2 3 19 
5245	2 18 5 
5246	1 19 
5247	1 19 
5248	3 2 18 19 
5249	4 2 5 18 19 
5250	4 2 10 18 19 
5251	2 2 18 
5252	0 
5253	3 2 10 18 
5254	2 2 18 
5255	1 18 
5256	3 2 18 19 
5257	3 2 10 19 
5258	3 2 19 20 
5259	1 18 
5260	1 17 
5261	4 2 5 10 19 
5262	1 19 
5263	0 
5264	4 2 10 13 16 
5265	3 2 10 15 
5266	0 
5267	1 2 
5268	1 2 
5269	0 
5270	2 17 19 
5271	3 4 18 10 
5272	0 
5273	2 2 19 
5274	1 18 
5275	1 2 
5276	3 2 5 18 
5277	1 18 
5278	4 2 5 18 19 
5279	1 18 
5280	1 18 
5281	1 2 
5282	1 18 
5283	1 18 
5284	3 2 10 13 
5285	3 2 5 19 
5286	0 
5287	4 2 10 18 19 
5288	1 18 
5289	4 2 5 18 19 
5290	3 2 18 19 
5291	4 2 6 18 19 
5292	3 5 18 19 
5293	2 5 19 
5294	0 
5295	1 18 
5296	1 19 
5297	4 5 6 18 19 
5298	2 18 10 
5299	2 5 18 
5300	2 18 19 
5301	2 10 15 
5302	4 2 9 18 19 
5303	3 5 16 19 
5304	4 3 5 18 19 
5305	2 18 19 
5306	4 2 13 18 19 
5307	1 18 
5308	1 7 
5309	0 
5310	2 2 19 
5311	4 1 2 19 20 
5312	2 2 19 
5313	0 
5314	2 19 20 
5315	2 2 19 
5316	2 2 6 
5317	4 2 5 13 19 
5318	1 19 
5319	1 19 
5320	3 2 3 19 
5321	1 19 
5322	2 2 6 
5323	1 20 
5324	2 2 19 
5325	1 19 
5326	2 10 19 
5327	0 
5328	0 
5329	1 2 
5330	3 2 6 13 
5331	1 7 
5332	3 1 2 19 
5333	0 
5334	3 2 10 19 
5335	0 
5336	3 10 12 19 
5337	2 2 19 
5338	1 10 
5339	0 
5340	2 2 6 
5341	2 2 19 
5342	1 19 
5343	1 8 
5344	2 2 19 
5345	3 2 6 19 
5346	3 1 2 19 
5347	4 7 10 13 19 
5348	2 2 19 
5349	1 19 
5350	2 19 20 
5351	1 9 
5352	3 1 2 19 
5353	0 
5354	2 2 19 
5355	3 5 6 19 
5356	0 
5357	2 2 19 
5358	3 20 19 18 
5359	2 2 19 
5360	0 
5361	0 
5362	2 2 19 
5363	1 8 
5364	0 
5365	2 2 6 
5366	0 
5367	1 19 
5368	1 19 
5369	0 
5370	0 
5371	2 2 19 
5372	0 
5373	1 7 
5374	2 2 19 
5375	0 
5376	1 2 
5377	0 
5378	4 2 6 8 12 
5379	2 2 19 
5380	1 19 
5381	0 
5382	4 1 2 6 19 
5383	0 
5384	2 2 19 
5385	0 
5386	1 7 
5387	0 
5388	2 19 20 
5389	4 2 8 14 19 
5390	3 2 12 19 
5391	3 2 14 19 
5392	0 
5393	0 
5394	1 12 
5395	2 2 14 
5396	4 2 8 14 19 
5397	0 
5398	2 2 14 
5399	4 2 7 14 19 
5400	2 2 14 
5401	4 2 6 8 14 
5402	4 2 6 14 19 
5403	0 
5404	1 14 
5405	2 2 14 
5406	0 
5407	4 2 6 8 13 
5408	3 14 2 12 
5409	1 2 
5410	2 2 14 
5411	0 
5412	1 14 
5413	2 2 14 
5414	2 2 14 
5415	2 2 19 
5416	0 
5417	0 
5418	2 2 8 
5419	4 2 6 8 14 
5420	4 2 8 14 19 
5421	1 14 
5422	2 2 14 
5423	1 14 
5424	1 14 
5425	1 14 
5426	0 
5427	2 2 14 
5428	2 2 14 
5429	0 
5430	3 2 13 14 
5431	3 2 14 19 
5432	3 2 10 14 
5433	2 2 12 
5434	1 2 
5435	2 2 14 
5436	0 
5437	2 2 14 
5438	2 2 14 
5439	4 2 6 8 14 
5440	2 2 14 
5441	2 2 12 
5442	2 2 14 
5443	0 
5444	1 14 
5445	2 2 14 
5446	3 2 6 19 
5447	0 
5448	1 1 
5449	2 2 19 
5450	3 2 13 14 
5451	0 
5452	1 2 
5453	0 
5454	1 12 
5455	2 2 8 
5456	1 8 
5457	1 2 
5458	1 14 
5459	0 
5460	2 13 14 
5461	1 2 
5462	1 2 
5463	0 
5464	3 2 6 14 
5465	2 2 8 
5466	2 2 19 
5467	1 1 
5468	2 1 2 
5469	3 1 2 19 
5470	3 1 2 19 
5471	1 1 
5472	3 1 2 19 
5473	1 1 
5474	4 1 2 10 19 
5475	0 
5476	3 1 2 19 
5477	1 1 
5478	2 1 2 
5479	1 1 
5480	4 1 2 5 19 
5481	1 21 
5482	2 1 2 
5483	3 1 2 19 
5484	3 1 2 19 
5485	3 1 2 19 
5486	3 2 10 19 
5487	3 1 2 19 
5488	3 1 2 19 
5489	1 19 
5490	2 1 2 
5491	2 2 19 
5492	0 
5493	1 19 
5494	0 
5495	2 5 19 
5496	3 1 2 19 
5497	3 1 2 19 
5498	3 1 2 19 
5499	1 1 
5500	3 1 2 19 
5501	3 1 2 19 
5502	2 1 19 
5503	1 1 
5504	0 
5505	0 
5506	3 1 2 19 
5507	3 1 2 19 
5508	1 19 
5509	3 1 2 19 
5510	3 1 2 19 
5511	0 
5512	2 1 2 
5513	3 1 2 19 
5514	3 1 2 19 
5515	2 1 19 
5516	1 1 
5517	3 1 19 2 
5518	1 1 
5519	1 19 
5520	1 1 
5521	3 1 2 19 
5522	0 
5523	3 1 2 19 
5524	2 2 19 
5525	2 1 2 
5526	4 1 2 13 19 
5527	1 1 
5528	1 19 
5529	2 2 19 
5530	3 2 14 19 
5531	2 1 19 
5532	3 1 2 19 
5533	1 1 
5534	3 1 2 19 
5535	1 2 
5536	3 1 2 19 
5537	1 1 
5538	0 
5539	2 2 19 
5540	0 
5541	0 
5542	2 2 19 
5543	4 1 2 6 19 
5544	1 19 
5545	2 2 19 
5546	0 
5547	3 2 6 19 
5548	0 
5549	3 7 6 12 
5550	4 2 6 7 19 
5551	3 2 6 7 
5552	3 2 6 8 
5553	4 2 6 7 19 
5554	1 7 
5555	0 
5556	0 
5557	3 2 6 7 
5558	1 6 
5559	1 7 
5560	2 7 19 
5561	4 2 6 13 19 
5562	1 11 
5563	2 7 6 
5564	0 
5565	1 6 
5566	4 7 6 2 12 
5567	1 6 
5568	0 
5569	2 2 8 
5570	1 12 
5571	4 2 6 8 12 
5572	3 2 6 13 
5573	1 7 
5574	1 6 
5575	3 2 6 19 
5576	1 7 
5577	1 7 
5578	2 12 7 
5579	2 10 7 
5580	1 6 
5581	3 2 6 7 
5582	3 2 6 7 
5583	3 6 12 19 
5584	2 2 19 
5585	2 7 6 
5586	4 7 6 8 11 
5587	3 6 7 13 
5588	2 2 12 
5589	0 
5590	2 12 7 
5591	1 8 
5592	0 
5593	0 
5594	0 
5595	1 13 
5596	3 2 6 7 
5597	1 12 
5598	1 7 
5599	0 
5600	3 2 6 12 
5601	1 13 
5602	3 6 7 19 
5603	4 6 8 10 13 
5604	2 2 6 
5605	2 2 6 
5606	0 
5607	2 2 19 
5608	3 2 6 19 
5609	3 7 12 6 
5610	1 8 
5611	1 7 
5612	2 6 7 
5613	1 6 
5614	1 6 
5615	4 2 6 13 19 
5616	3 2 11 19 
5617	1 7 
5618	2 7 6 
5619	4 2 6 12 19 
5620	1 7 
5621	3 2 12 14 
5622	2 2 13 
5623	2 7 6 
5624	0 
5625	1 6 
5626	3 2 6 8 
5627	0 
5628	1 12 
5629	1 7 
5630	2 2 10 
5631	3 7 9 6 
5632	2 7 6 
5633	2 2 6 
5634	1 12 
5635	0 
5636	1 7 
5637	3 7 6 12 
5638	2 2 19 
5639	0 
5640	1 8 
5641	1 6 
5642	1 9 
5643	1 7 
5644	1 7 
5645	0 
5646	1 7 
5647	1 9 
5648	3 2 6 7 
5649	0 
5650	1 6 
5651	1 6 
5652	1 12 
5653	3 2 6 7 
5654	2 12 7 
5655	1 2 
5656	1 7 
5657	4 2 6 7 13 
5658	3 2 6 8 
5659	4 2 7 12 13 
5660	4 2 6 7 13 
5661	1 6 
5662	4 2 6 12 19 
5663	1 9 
5664	1 12 
5665	2 2 6 
5666	0 
5667	3 2 6 13 
5668	2 13 9 
5669	1 12 
5670	3 2 7 19 
5671	4 2 6 13 19 
5672	2 7 19 
5673	2 2 19 
5674	0 
5675	3 7 10 13 
5676	4 2 6 8 12 
5677	2 2 19 
5678	2 6 12 
5679	3 2 6 19 
5680	3 2 6 8 
5681	1 7 
5682	0 
5683	4 2 6 8 12 
5684	3 2 6 12 
5685	3 2 6 7 
5686	0 
5687	3 2 6 7 
5688	2 8 9 
5689	3 2 8 14 
5690	1 9 
5691	2 2 17 
5692	1 6 
5693	3 2 8 14 
5694	3 2 6 19 
5695	1 8 
5696	0 
5697	1 7 
5698	2 6 7 
5699	3 2 12 13 
5700	4 2 6 9 13 
5701	0 
5702	1 7 
5703	3 2 6 8 
5704	3 6 7 12 
5705	1 6 
5706	2 8 6 
5707	3 2 6 8 
5708	1 9 
5709	2 8 6 
5710	3 2 6 8 
5711	1 8 
5712	3 2 6 8 
5713	1 2 
5714	1 8 
5715	0 
5716	4 2 6 8 19 
5717	2 2 6 
5718	2 2 6 
5719	1 7 
5720	0 
5721	2 6 8 
5722	0 
5723	1 12 
5724	0 
5725	0 
5726	4 2 6 8 9 
5727	0 
5728	4 2 6 7 13 
5729	0 
5730	3 2 6 7 
5731	3 2 6 7 
5732	3 2 6 8 
5733	3 2 6 7 
5734	2 6 7 
5735	1 6 
5736	3 2 6 7 
5737	1 7 
5738	0 
5739	1 7 
5740	2 6 8 
5741	1 2 
5742	3 2 6 8 
5743	3 2 6 7 
5744	2 6 12 
5745	0 
5746	4 2 6 8 13 
5747	1 6 
5748	1 2 
5749	2 2 19 
5750	0 
5751	0 
5752	3 2 6 19 
5753	0 
5754	1 8 
5755	3 2 6 19 
5756	1 2 
5757	1 8 
5758	1 15 
5759	4 2 8 10 15 
5760	0 
5761	0 
5762	1 15 
5763	1 2 
5764	1 15 
5765	2 2 6 
5766	2 15 9 
5767	3 2 6 19 
5768	2 15 11 
5769	1 15 
5770	2 10 19 
5771	3 2 6 11 
5772	3 2 12 13 
5773	0 
5774	1 11 
5775	4 2 6 11 13 
5776	3 2 6 13 
5777	0 
5778	3 2 6 8 
5779	1 2 
5780	1 13 
5781	0 
5782	0 
5783	0 
5784	4 2 6 8 11 
5785	0 
5786	4 2 4 13 18 
5787	0 
5788	3 2 6 8 
5789	0 
5790	4 2 6 8 13 
5791	4 2 6 8 19 
5792	1 8 
5793	1 7 
5794	3 2 6 8 
5795	1 8 
5796	1 8 
5797	1 13 
5798	3 2 8 19 
5799	1 8 
5800	3 2 8 14 
5801	1 8 
5802	4 2 6 7 14 
5803	3 2 6 8 
5804	0 
5805	2 6 8 
5806	1 8 
5807	2 6 7 
5808	1 7 
5809	1 8 
5810	4 2 6 8 12 
5811	1 8 
5812	3 2 6 8 
5813	3 2 6 8 
5814	1 8 
5815	3 2 6 8 
5816	1 6 
5817	1 8 
5818	3 2 6 8 
5819	2 2 6 
5820	0 
5821	2 2 8 
5822	0 
5823	4 2 6 12 13 
5824	1 6 
5825	2 2 8 
5826	1 12 
5827	3 2 6 8 
5828	2 13 14 
5829	3 2 14 19 
5830	2 2 19 
5831	0 
5832	1 8 
5833	1 6 
5834	0 
5835	4 2 6 8 19 
5836	0 
5837	1 9 
5838	1 8 
5839	0 
5840	0 
5841	4 2 6 14 19 
5842	1 15 
5843	0 
5844	1 8 
5845	0 
5846	1 2 
5847	0 
5848	1 2 
5849	1 8 
5850	0 
5851	3 2 6 8 
5852	3 2 13 14 
5853	4 2 6 8 13 
5854	3 2 6 8 
5855	1 8 
5856	4 2 6 8 12 
5857	1 8 
5858	2 2 6 
5859	0 
5860	0 
5861	0 
5862	3 2 6 12 
5863	1 8 
5864	0 
5865	0 
5866	3 6 8 19 
5867	4 2 6 8 19 
5868	4 2 6 8 19 
5869	4 2 6 8 19 
5870	1 13 
5871	0 
5872	0 
5873	3 2 6 8 
5874	2 2 16 
5875	0 
5876	4 2 4 5 6 
5877	1 8 
5878	0 
5879	1 8 
5880	2 6 8 
5881	1 8 
5882	1 8 
5883	4 2 6 8 12 
5884	3 2 6 8 
5885	2 8 19 
5886	0 
5887	0 
5888	1 8 
5889	0 
5890	1 8 
5891	4 2 6 8 19 
5892	3 2 6 8 
5893	2 8 11 
5894	2 8 6 
5895	1 6 
5896	1 2 
5897	0 
5898	2 8 19 
5899	3 2 6 8 
5900	1 6 
5901	3 2 6 8 
5902	3 2 6 8 
5903	1 2 
5904	1 6 
5905	1 8 
5906	1 8 
5907	2 6 8 
5908	3 2 6 8 
5909	1 8 
5910	0 
5911	1 6 
5912	0 
5913	0 
5914	2 8 6 
5915	2 8 19 
5916	1 8 
5917	0 
5918	1 8 
5919	1 6 
5920	2 2 6 
5921	3 2 6 13 
5922	4 2 6 8 12 
5923	1 7 
5924	0 
5925	1 8 
5926	1 6 
5927	3 2 6 8 
5928	2 2 6 
5929	4 2 6 9 19 
5930	1 12 
5931	4 2 6 7 19 
5932	2 2 7 
5933	1 6 
5934	2 8 6 
5935	1 6 
5936	1 8 
5937	3 2 6 8 
5938	1 8 
5939	3 2 6 8 
5940	3 2 6 8 
5941	3 2 6 8 
5942	3 2 6 8 
5943	1 13 
5944	1 7 
5945	1 8 
5946	1 8 
5947	2 8 6 
5948	3 2 6 8 
5949	0 
5950	2 2 13 
5951	3 2 6 8 
5952	1 6 
5953	3 2 6 8 
5954	3 2 6 8 
5955	3 2 13 19 
5956	0 
5957	3 2 19 20 
5958	0 
5959	0 
5960	2 19 20 
5961	2 19 20 
5962	2 19 20 
5963	3 2 19 20 
5964	0 
5965	3 6 8 12 
5966	3 2 9 19 
5967	1 13 
5968	4 2 5 6 19 
5969	3 7 6 12 
5970	1 7 
5971	1 10 
5972	1 13 
5973	4 2 6 12 13 
5974	1 7 
5975	0 
5976	0 
5977	1 12 
5978	4 2 10 13 19 
5979	4 2 6 12 19 
5980	1 7 
5981	0 
5982	1 6 
5983	2 6 10 
5984	4 2 6 12 13 
5985	1 13 
5986	1 7 
5987	2 2 19 
5988	0 
5989	1 4 
5990	4 2 12 18 19 
5991	1 20 
5992	1 4 
5993	2 2 19 
5994	0 
5995	2 5 6 
5996	3 2 4 10 
5997	0 
5998	0 
5999	4 2 4 10 19 
6000	0 
6001	3 4 5 19 
6002	2 4 10 
6003	0 
6004	1 4 
6005	0 
6006	1 4 
6007	1 4 
6008	1 13 
6009	0 
6010	0 
6011	1 19 
6012	2 5 19 
6013	0 
6014	0 
6015	2 19 4 
6016	1 4 
6017	1 2 
6018	0 
6019	0 
6020	4 4 10 12 15 
6021	4 2 4 5 6 
6022	0 
6023	1 5 
6024	0 
6025	0 
6026	3 2 4 6 
6027	3 2 4 19 
6028	1 4 
6029	3 2 5 6 
6030	3 2 4 6 
6031	1 13 
6032	0 
6033	1 4 
6034	3 2 19 20 
6035	1 19 
6036	3 2 19 20 
6037	3 2 19 20 
6038	1 2 
6039	2 19 20 
6040	4 2 13 19 20 
6041	2 19 20 
6042	4 1 2 13 16 
6043	2 2 19 
6044	1 19 
6045	2 19 20 
6046	1 19 
6047	2 2 19 
6048	2 19 20 
6049	3 2 19 20 
6050	1 19 
6051	0 
6052	3 2 19 20 
6053	1 2 
6054	2 2 19 
6055	1 19 
6056	2 2 19 
6057	3 2 13 16 
6058	2 2 13 
6059	4 2 10 19 20 
6060	1 2 
6061	3 2 19 20 
6062	2 19 20 
6063	1 20 
6064	3 2 19 20 
6065	0 
6066	1 2 
6067	2 3 20 
6068	4 2 3 19 20 
6069	3 20 19 18 
6070	0 
6071	3 2 13 19 
6072	1 19 
6073	2 19 20 
6074	2 2 19 
6075	1 20 
6076	2 19 20 
6077	2 2 19 
6078	0 
6079	3 2 19 20 
6080	2 2 19 
6081	3 2 19 20 
6082	2 18 19 
6083	4 3 5 2 18 
6084	0 
6085	4 20 19 21 10 
6086	2 2 19 
6087	2 19 20 
6088	1 19 
6089	1 19 
6090	0 
6091	1 19 
6092	2 2 19 
6093	3 1 2 19 
6094	2 2 19 
6095	3 2 19 20 
6096	4 1 2 19 20 
6097	0 
6098	1 13 
6099	3 2 10 19 
6100	1 13 
6101	4 2 10 17 19 
6102	4 16 12 15 6 
6103	1 11 
6104	3 2 13 19 
6105	2 13 10 
6106	4 2 8 13 19 
6107	3 2 13 19 
6108	2 5 6 
6109	3 12 16 2 
6110	0 
6111	1 2 
6112	0 
6113	1 19 
6114	1 12 
6115	4 2 6 8 13 
6116	2 17 13 
6117	1 15 
6118	1 12 
6119	0 
6120	1 13 
6121	1 16 
6122	0 
6123	0 
6124	0 
6125	0 
6126	1 6 
6127	3 2 13 19 
6128	1 2 
6129	2 2 13 
6130	3 16 15 6 
6131	0 
6132	1 16 
6133	2 4 10 
6134	2 2 12 
6135	1 11 
6136	2 16 12 
6137	1 12 
6138	1 15 
6139	1 12 
6140	3 2 6 8 
6141	0 
6142	2 19 20 
6143	0 
6144	1 11 
6145	0 
6146	3 2 12 16 
6147	0 
6148	4 10 11 15 16 
6149	0 
6150	0 
6151	0 
6152	2 16 15 
6153	1 16 
6154	0 
6155	1 12 
6156	1 13 
6157	3 2 13 18 
6158	3 2 6 16 
6159	2 16 8 
6160	1 13 
6161	1 19 
6162	2 2 19 
6163	0 
6164	2 10 19 
6165	0 
6166	3 10 13 15 
6167	1 15 
6168	1 15 
6169	1 2 
6170	3 2 6 12 
6171	2 8 15 
6172	4 2 6 8 12 
6173	3 2 11 16 
6174	2 2 6 
6175	4 2 12 13 16 
6176	2 16 12 
6177	2 2 12 
6178	0 
6179	0 
6180	4 2 6 8 19 
6181	0 
6182	1 7 
6183	0 
6184	1 16 
6185	0 
6186	0 
6187	1 13 
6188	0 
6189	2 2 13 
6190	1 19 
6191	1 13 
6192	2 13 22 
6193	1 13 
6194	0 
6195	0 
6196	1 19 
6197	1 13 
6198	1 22 
6199	0 
6200	0 
6201	3 2 19 20 
6202	3 2 13 21 
6203	2 2 13 
6204	2 2 21 
6205	3 2 13 19 
6206	2 19 20 
6207	1 2 
6208	0 
6209	0 
6210	4 2 6 13 19 
6211	4 2 5 19 20 
6212	0 
6213	1 13 
6214	1 13 
6215	0 
6216	3 2 6 19 
6217	0 
6218	0 
6219	2 2 13 
6220	2 2 13 
6221	0 
6222	0 
6223	1 21 
6224	3 12 13 21 
6225	0 
6226	4 2 6 10 13 
6227	2 2 19 
6228	2 2 13 
6229	1 21 
6230	0 
6231	0 
6232	2 2 19 
6233	1 2 
6234	1 13 
6235	1 22 
6236	1 2 
6237	1 13 
6238	0 
6239	1 13 
6240	3 2 13 19 
6241	0 
6242	0 
6243	0 
6244	4 2 7 10 13 
6245	1 13 
6246	0 
6247	3 2 13 19 
6248	0 
6249	4 1 2 19 21 
6250	1 10 
6251	4 2 6 10 12 
6252	1 2 
6253	3 2 13 19 
6254	1 5 
6255	1 5 
6256	1 9 
6257	0 
6258	3 2 5 6 
6259	0 
6260	2 2 5 
6261	2 2 13 
6262	2 5 6 
6263	0 
6264	0 
6265	1 5 
6266	4 2 5 6 12 
6267	0 
6268	3 3 5 6 
6269	1 5 
6270	4 2 5 18 19 
6271	1 2 
6272	1 5 
6273	0 
6274	0 
6275	1 5 
6276	0 
6277	0 
6278	0 
6279	1 5 
6280	1 5 
6281	1 5 
6282	4 2 5 17 19 
6283	0 
6284	0 
6285	1 5 
6286	0 
6287	1 5 
6288	0 
6289	1 5 
6290	1 5 
6291	0 
6292	1 5 
6293	4 2 5 6 14 
6294	1 5 
6295	2 2 10 
6296	0 
6297	4 2 5 6 19 
6298	1 5 
6299	0 
6300	2 2 12 
6301	1 6 
6302	0 
6303	4 2 5 18 19 
6304	2 2 19 
6305	1 2 
6306	3 2 5 6 
6307	1 5 
6308	2 2 18 
6309	3 2 5 13 
6310	1 2 
6311	1 5 
6312	1 5 
6313	4 2 5 6 16 
6314	3 2 5 12 
6315	0 
6316	2 5 6 
6317	1 2 
6318	1 5 
6319	3 2 5 6 
6320	4 2 3 5 18 
6321	3 2 5 6 
6322	1 6 
6323	1 5 
6324	1 5 
6325	0 
6326	2 5 6 
6327	1 5 
6328	0 
6329	3 2 5 19 
6330	1 5 
6331	4 2 5 6 19 
6332	0 
6333	2 6 16 
6334	1 14 
6335	1 5 
6336	3 2 5 6 
6337	3 5 6 18 
6338	0 
6339	1 5 
6340	0 
6341	4 2 5 6 19 
6342	3 2 5 6 
6343	0 
6344	0 
6345	1 10 
6346	2 10 19 
6347	2 2 17 
6348	1 17 
6349	3 2 5 19 
6350	0 
6351	1 17 
6352	2 17 19 
6353	3 2 17 18 
6354	4 2 10 17 19 
6355	3 2 17 19 
6356	1 17 
6357	0 
6358	0 
6359	3 2 17 19 
6360	1 17 
6361	2 17 19 
6362	0 
6363	3 2 19 21 
6364	1 17 
6365	2 2 19 
6366	1 10 
6367	2 10 12 
6368	4 2 6 13 16 
6369	1 13 
6370	3 2 10 19 
6371	0 
6372	0 
6373	2 13 19 
6374	1 2 
6375	2 4 10 
6376	2 6 18 
6377	2 5 16 
6378	0 
6379	3 17 16 6 
6380	3 12 5 16 
6381	2 17 5 
6382	0 
6383	2 17 2 
6384	2 14 17 
6385	0 
6386	2 6 17 
6387	3 2 6 17 
6388	2 5 16 
6389	4 17 16 5 2 
6390	1 17 
6391	2 17 15 
6392	4 2 5 6 13 
6393	1 2 
6394	2 2 19 
6395	1 17 
6396	2 4 19 
6397	0 
6398	0 
6399	0 
6400	1 2 
6401	0 
6402	4 2 5 18 19 
6403	0 
6404	1 10 
6405	4 2 6 14 19 
6406	0 
6407	0 
6408	3 2 5 6 
6409	3 2 6 8 
6410	1 7 
6411	1 19 
6412	2 12 7 
6413	1 12 
6414	0 
6415	0 
6416	0 
6417	0 
6418	2 2 19 
6419	2 19 7 
6420	0 
6421	2 2 19 
6422	0 
6423	0 
6424	0 
6425	4 2 6 8 16 
6426	4 2 6 13 19 
6427	1 5 
6428	2 2 19 
6429	2 2 13 
6430	0 
6431	2 2 6 
6432	1 2 
6433	3 1 2 19 
6434	1 2 
6435	1 19 
6436	0 
6437	1 22 
6438	0 
6439	1 14 
6440	1 2 
6441	2 1 2 
6442	1 22 
6443	1 2 
6444	4 2 5 6 19 
6445	1 12 
6446	0 
6447	3 2 5 6 
6448	0 
6449	2 2 1 
6450	2 2 19 
6451	3 1 2 19 
6452	0 
6453	3 1 2 19 
6454	2 1 2 
6455	0 
6456	3 1 2 19 
6457	0 
6458	1 2 
6459	0 
6460	3 2 6 19 
6461	0 
6462	0 
6463	0 
6464	1 2 
6465	1 2 
6466	2 2 19 
6467	0 
6468	0 
6469	2 2 19 
6470	1 14 
6471	4 2 5 14 19 
6472	1 12 
6473	1 2 
6474	0 
6475	0 
6476	1 2 
6477	2 3 19 
6478	2 3 5 
6479	0 
6480	2 2 19 
6481	1 3 
6482	4 2 3 19 20 
6483	3 5 16 6 
6484	4 3 4 10 19 
6485	3 5 6 3 
6486	1 3 
6487	1 19 
6488	3 2 3 19 
6489	0 
6490	1 19 
6491	1 20 
6492	4 1 2 12 19 
6493	4 2 3 10 19 
6494	1 18 
6495	3 2 12 19 
6496	3 2 3 19 
6497	0 
6498	1 1 
6499	3 2 10 18 
6500	2 3 5 
6501	1 2 
6502	3 2 3 19 
6503	1 3 
6504	1 3 
6505	3 2 3 19 
6506	1 3 
6507	3 3 19 2 
6508	3 2 4 19 
6509	0 
6510	1 3 
6511	1 3 
6512	1 3 
6513	1 19 
6514	3 2 3 19 
6515	1 19 
6516	3 2 3 19 
6517	0 
6518	1 5 
6519	3 2 3 19 
6520	3 1 2 19 
6521	3 2 3 19 
6522	1 3 
6523	0 
6524	1 3 
6525	2 3 19 
6526	3 2 3 19 
6527	2 3 19 
6528	2 2 12 
6529	3 2 6 19 
6530	2 3 19 
6531	2 2 5 
6532	3 2 18 19 
6533	4 2 3 5 6 
6534	3 2 3 19 
6535	3 2 13 19 
6536	4 3 4 10 19 
6537	4 1 2 3 19 
6538	1 3 
6539	0 
6540	1 3 
6541	2 2 19 
6542	3 2 3 19 
6543	1 3 
6544	2 2 19 
6545	3 2 3 19 
6546	1 19 
6547	0 
6548	2 3 19 
6549	3 2 3 19 
6550	3 3 5 18 
6551	4 2 3 13 19 
6552	1 3 
6553	1 3 
6554	0 
6555	1 3 
6556	0 
6557	4 2 5 10 19 
6558	3 2 3 19 
6559	0 
6560	0 
6561	4 2 3 13 19 
6562	4 1 2 3 19 
6563	2 3 19 
6564	0 
6565	1 4 
6566	2 2 6 
6567	1 3 
6568	0 
6569	1 19 
6570	0 
6571	1 3 
6572	2 3 19 
6573	0 
6574	3 2 10 19 
6575	1 3 
6576	1 13 
6577	0 
6578	3 2 13 19 
6579	0 
6580	3 2 10 19 
6581	2 2 19 
6582	2 2 19 
6583	2 3 5 
6584	1 3 
6585	2 2 19 
6586	4 1 2 3 19 
6587	0 
6588	4 2 5 6 16 
6589	2 3 2 
6590	1 4 
6591	2 16 19 
6592	1 4 
6593	0 
6594	1 3 
6595	1 3 
6596	2 3 19 
6597	1 3 
6598	3 2 19 22 
6599	4 2 20 21 22 
6600	1 2 
6601	2 2 22 
6602	1 22 
6603	2 2 22 
6604	0 
6605	2 2 22 
6606	1 2 
6607	0 
6608	1 22 
6609	0 
6610	1 2 
6611	3 1 2 19 
6612	2 2 22 
6613	1 2 
6614	1 2 
6615	0 
6616	4 2 12 19 22 
6617	1 2 
6618	2 2 19 
6619	2 2 19 
6620	2 2 19 
6621	2 2 19 
6622	0 
6623	1 2 
6624	0 
6625	4 2 19 20 22 
6626	3 2 19 22 
6627	2 2 19 
6628	3 2 19 22 
6629	3 2 19 22 
6630	2 2 22 
6631	1 2 
6632	4 1 2 19 22 
6633	1 22 
6634	3 2 19 22 
6635	1 2 
6636	1 2 
6637	3 2 5 19 
6638	4 2 5 6 19 
6639	1 18 
6640	2 2 8 
6641	4 2 5 6 19 
6642	1 2 
6643	2 2 22 
6644	2 2 18 
6645	2 2 22 
6646	3 2 19 22 
6647	2 2 19 
6648	2 2 18 
6649	2 2 22 
6650	0 
6651	3 2 19 22 
6652	1 2 
6653	2 2 22 
6654	4 2 13 19 22 
6655	2 2 22 
6656	2 2 22 
6657	2 2 22 
6658	2 2 22 
6659	0 
6660	3 2 19 22 
6661	4 2 7 13 22 
6662	2 2 22 
6663	1 2 
6664	0 
6665	2 2 22 
6666	0 
6667	0 
6668	1 2 
6669	2 2 22 
6670	0 
6671	4 1 2 19 22 
6672	1 22 
6673	1 22 
6674	0 
6675	2 2 22 
6676	0 
6677	0 
6678	2 2 22 
6679	0 
6680	1 2 
6681	2 2 22 
6682	2 21 22 
6683	0 
6684	1 2 
6685	0 
6686	0 
6687	2 2 22 
6688	2 2 13 
6689	2 2 22 
6690	1 2 
6691	1 22 
6692	1 7 
6693	1 8 
6694	2 16 12 
6695	1 9 
6696	2 2 9 
6697	1 7 
6698	1 9 
6699	4 2 6 8 9 
6700	0 
6701	1 2 
6702	1 9 
6703	0 
6704	2 9 19 
6705	1 9 
6706	0 
6707	1 7 
6708	1 7 
6709	4 2 6 9 12 
6710	3 2 9 19 
6711	2 2 9 
6712	1 9 
6713	4 2 6 8 9 
6714	2 6 7 
6715	3 6 9 13 
6716	0 
6717	1 9 
6718	4 2 6 9 13 
6719	2 10 19 
6720	1 9 
6721	0 
6722	2 9 15 
6723	0 
6724	4 2 10 13 19 
6725	2 15 9 
6726	0 
6727	0 
6728	4 2 6 10 15 
6729	3 2 6 14 
6730	1 7 
6731	1 9 
6732	2 2 6 
6733	0 
6734	3 2 13 19 
6735	0 
6736	0 
6737	4 2 6 13 19 
6738	0 
6739	1 9 
6740	1 9 
6741	0 
6742	4 2 6 11 19 
6743	2 2 6 
6744	1 10 
6745	0 
6746	3 2 6 9 
6747	4 2 6 10 19 
6748	2 10 19 
6749	1 19 
6750	0 
6751	2 2 13 
6752	1 8 
6753	1 7 
6754	4 2 6 8 13 
6755	2 11 7 
6756	1 19 
6757	1 11 
6758	1 12 
6759	1 13 
6760	1 11 
6761	0 
6762	1 11 
6763	1 7 
6764	1 11 
6765	2 11 7 
6766	4 2 6 10 15 
6767	1 11 
6768	1 2 
6769	1 11 
6770	2 2 19 
6771	2 11 7 
6772	1 19 
6773	4 2 6 13 16 
6774	0 
6775	1 11 
6776	4 2 6 7 11 
6777	1 6 
6778	4 2 13 16 19 
6779	1 11 
6780	4 6 11 13 19 
6781	1 11 
6782	2 11 16 
6783	1 7 
6784	3 7 11 19 
6785	1 12 
6786	1 11 
6787	1 11 
6788	1 11 
6789	3 11 12 15 
6790	0 
6791	4 5 11 13 18 
6792	3 11 13 18 
6793	2 11 7 
6794	1 11 
6795	1 11 
6796	1 11 
6797	1 11 
6798	3 2 5 11 
6799	1 11 
6800	2 2 19 
6801	1 11 
6802	1 11 
6803	2 11 15 
6804	4 7 6 8 12 
6805	0 
6806	2 2 12 
6807	2 7 15 
6808	2 11 7 
6809	3 2 6 12 
6810	3 11 7 12 
6811	3 11 7 12 
6812	0 
6813	1 11 
6814	0 
6815	3 2 11 13 
6816	0 
6817	1 11 
6818	1 11 
6819	4 2 6 8 12 
6820	4 12 7 11 6 
6821	1 12 
6822	1 2 
6823	2 12 10 
6824	1 12 
6825	4 2 6 7 12 
6826	3 12 7 6 
6827	1 12 
6828	4 2 6 8 12 
6829	4 2 6 8 12 
6830	1 12 
6831	3 2 6 12 
6832	3 12 6 7 
6833	0 
6834	4 2 6 8 12 
6835	4 2 8 12 13 
6836	1 12 
6837	2 2 12 
6838	0 
6839	0 
6840	3 2 6 12 
6841	3 2 6 19 
6842	1 6 
6843	1 12 
6844	0 
6845	1 12 
6846	2 2 5 
6847	2 7 12 
6848	0 
6849	3 12 7 2 
6850	4 2 7 8 12 
6851	2 8 19 
6852	1 12 
6853	1 12 
6854	0 
6855	4 12 7 6 2 
6856	2 2 12 
6857	3 2 12 19 
6858	0 
6859	2 12 7 
6860	4 2 6 12 19 
6861	0 
6862	1 12 
6863	1 12 
6864	1 12 
6865	1 12 
6866	0 
6867	0 
6868	2 12 7 
6869	1 2 
6870	0 
6871	2 2 12 
6872	1 12 
6873	1 12 
6874	0 
6875	1 12 
6876	2 12 16 
6877	1 10 
6878	1 14 
6879	3 2 6 12 
6880	0 
6881	4 2 6 12 19 
6882	4 2 6 12 19 
6883	0 
6884	1 12 
6885	1 12 
6886	3 2 12 13 
6887	2 2 12 
6888	4 2 12 13 14 
6889	0 
6890	4 2 6 7 12 
6891	1 7 
6892	0 
6893	0 
6894	3 2 6 12 
6895	4 2 5 6 14 
6896	0 
6897	1 12 
6898	1 12 
6899	0 
6900	2 12 14 
6901	4 2 7 10 12 
6902	3 2 6 19 
6903	0 
6904	4 2 6 12 13 
6905	0 
6906	2 10 19 
6907	0 
6908	1 19 
6909	3 2 10 13 
6910	0 
6911	4 2 6 10 15 
6912	0 
6913	1 10 
6914	1 10 
6915	0 
6916	0 
6917	0 
6918	1 4 
6919	0 
6920	2 2 19 
6921	2 10 19 
6922	2 19 10 
6923	1 7 
6924	2 13 19 
6925	0 
6926	3 2 10 19 
6927	4 2 10 12 19 
6928	3 2 10 19 
6929	1 10 
6930	0 
6931	0 
6932	2 2 6 
6933	1 7 
6934	1 10 
6935	1 2 
6936	3 10 13 12 
6937	3 2 10 19 
6938	1 2 
6939	1 4 
6940	0 
6941	0 
6942	1 2 
6943	2 6 7 
6944	1 12 
6945	1 10 
6946	4 2 6 8 19 
6947	1 10 
6948	4 6 7 10 12 
6949	4 2 10 13 19 
6950	1 7 
6951	1 19 
6952	3 2 4 13 
6953	0 
6954	4 2 6 8 12 
6955	2 10 16 
6956	1 12 
6957	1 10 
6958	0 
6959	1 10 
6960	2 4 10 
6961	2 10 7 
6962	0 
6963	2 10 12 
6964	0 
6965	3 2 6 8 
6966	1 13 
6967	0 
6968	0 
6969	3 10 12 13 
6970	0 
6971	4 2 6 13 14 
6972	4 2 6 7 13 
6973	1 2 
6974	0 
6975	3 2 18 19 
6976	1 13 
6977	2 2 13 
6978	0 
6979	0 
6980	0 
6981	1 19 
6982	0 
6983	1 13 
6984	2 4 13 
6985	1 7 
6986	2 2 19 
6987	0 
6988	2 2 19 
6989	0 
6990	3 2 13 19 
6991	2 12 13 
6992	0 
6993	3 2 6 13 
6994	1 2 
6995	3 2 13 18 
6996	1 7 
6997	0 
6998	1 13 
6999	3 2 13 19 
7000	2 7 13 
7001	0 
7002	1 4 
7003	1 13 
7004	0 
7005	0 
7006	0 
7007	0 
7008	0 
7009	4 2 7 13 19 
7010	0 
7011	0 
7012	3 2 13 19 
7013	1 19 
7014	0 
7015	4 2 12 13 19 
7016	0 
7017	2 2 19 
7018	4 2 10 12 19 
7019	1 6 
7020	3 2 6 12 
7021	1 12 
7022	0 
7023	3 2 5 19 
7024	4 2 6 7 12 
7025	3 2 8 13 
7026	2 2 12 
7027	3 12 13 9 
7028	4 2 12 13 19 
7029	1 7 
7030	2 9 12 
7031	2 10 15 
7032	1 12 
7033	2 7 12 
7034	3 2 10 13 
7035	0 
7036	4 2 5 12 19 
7037	1 15 
7038	3 12 16 10 
7039	1 12 
7040	2 2 12 
7041	4 2 10 12 15 
7042	3 2 16 18 
7043	1 5 
7044	1 10 
7045	1 9 
7046	1 13 
7047	1 14 
7048	1 19 
7049	3 2 8 14 
7050	1 12 
7051	2 12 6 
7052	4 2 6 12 13 
7053	2 7 6 
7054	0 
7055	2 10 19 
7056	4 2 6 11 12 
7057	3 2 10 12 
7058	3 12 13 16 
7059	0 
7060	0 
7061	3 15 10 9 
7062	3 2 4 10 
7063	1 2 
7064	1 7 
7065	2 2 12 
7066	2 12 16 
7067	3 2 6 13 
7068	1 8 
7069	0 
7070	1 18 
7071	0 
7072	0 
7073	3 4 10 13 
7074	0 
7075	1 13 
7076	1 13 
7077	1 9 
